955
1471
261
3643
262
1905
137
155
1989
344
1863
3207
1809
1243
626
1386
66
298
513
771
261
105
160
150
684
846
650
1039
1581
1114
2102
4449
2218
875
223
885
2087
198
266
183
158
2502
37
1104
224
728
2595
1288
2562
143
997
265
793
63
3254
97
2300
179
1195
530
2655
2770
729
490
112
107
1205
1251
619
517
88
428
488
342
133
1364
706
818
666
434
537
84
780
1910
413
491
1071
2007
1218
1319
1098
1507
1185
3940
1286
3033
5963
849
2101
758
2753
112
210
1469
538
1083
276
246
1202
2987
176
103
526
427
2641
1166
2049
987
2005
2915
955
749
1261
565
808
1630
5191
487
635
297
1542
227
1519
101
400
63
1286
142
5151
60
200
73
3326
204
1337
1968
879
45
455
349
157
203
1167
116
1832
1448
475
339
4737
1262
3601
2461
496
263
232
973
995
342
803
1096
1457
638
2432
250
357
2223
7598
946
336
1635
1135
376
881
143
45
272
942
4986
1657
1286
3395
4589
1151
1418
1997
249
262
292
2171
1257
517
151
528
2068
222
1580
210
1705
1645
350
569
510
432
1681
1102
2361
3471
906
606
488
102
336
668
305
1183
418
92
748
726
2404
646
1237
4535
3092
155
324
1644
1063
798
513
1902
1207
5025
657
2870
2606
222
126
1605
2185
640
323
1836
61
1227
215
133
887
78
391
1542
777
278
307
1587
1081
505
997
3923
60
2109
1679
2214
354
4372
2326
1436
200
1305
332
348
1552
371
525
659
525
2275
6124
1045
740
1969
277
651
773
2175
210
2689
831
7561
985
106
289
1178
600
634
146
821
115
5889
3408
310
1492
1090
941
788
3484
3951
1150
509
210
109
916
1556
1220
663
920
227
1035
2625
819
3015
1765
291
1687
49
124
1548
1326
289
617
2205
88
1429
3044
4433
1890
520
941
909
259
1230
1194
992
183
324
796
2366
341
879
950
1183
65
910
188
1241
2162
378
617
110
621
1198
2247
170
2585
2193
633
447
1863
937
3069
201
1863
965
287
511
647
1601
335
521
459
136
276
812
844
144
293
612
716
1362
225
5040
166
111
118
147
1283
693
1115
628
109
1654
1447
2975
225
2423
2214
356
225
1865
950
2531
1364
248
1818
2767
1080
1649
1554
895
1466
2487
61
1448
44
912
216
2526
4680
262
598
1882
550
448
1181
1603
1211
1010
788
405
1064
167
353
303
2067
343
2046
126
3251
838
459
87
169
360
364
943
134
1370
3464
212
291
353
94
369
1133
639
2473
529
254
3467
2179
4067
196
1409
762
879
326
56
619
166
2207
500
1302
258
5072
136
2386
1050
387
4192
3795
1346
434
327
1470
175
921
1978
897
211
1148
604
777
1063
214
35
536
243
950
872
112
653
194
80
957
306
817
670
79
69
779
72
572
2206
125
406
598
1313
504
3872
1101
1517
2752
425
853
594
193
1535
2767
313
354
906
1150
157
902
2176
409
3494
80
1166
1518
111
277
602
441
522
403
1066
134
173
970
917
3197
3643
442
751
473
945
238
633
1249
1735
255
1914
964
1009
59
481
3279
4226
55
1132
3104
195
1148
572
395
2474
138
239
5089
92
907
1945
726
1086
1627
2525
546
454
379
1230
1695
384
3412
4433
7459
3860
846
448
1710
1047
176
342
2215
1414
1067
374
2428
1543
401
1066
99
2850
97
1417
218
685
910
1798
647
275
75
1124
276
971
487
142
464
1299
502
1169
874
915
406
1654
273
803
931
1619
70
4390
147
1401
39
1120
1518
2091
1072
343
6019
1289
813
2977
90
91
774
534
428
609
1179
2406
2706
2555
1539
124
2284
1572
122
274
644
635
1250
421
543
227
652
2910
1040
939
1287
531
287
460
1247
2467
7081
1285
487
2524
186
654
2134
267
1449
576
151
259
3244
2484
2604
1071
1280
1870
671
963
771
783
338
3082
1081
816
936
614
2392
1309
326
144
1193
256
2057
1541
1442
155
495
423
5123
1881
456
232
385
555
536
5272
1110
587
493
480
1007
1873
443
189
369
1481
1456
1046
4845
1018
743
428
156
1962
885
162
2578
281
499
588
1705
449
1147
876
1111
2652
316
1488
194
859
4369
1448
214
1226
968
161
584
1159
259
616
1176
429
2040
779
1404
888
382
5214
1961
850
574
165
2037
587
296
574
4713
197
219
856
2817
5235
3605
2039
551
2094
1241
156
971
328
798
332
964
382
367
235
429
1809
1540
144
2469
2317
1171
2705
196
237
344
923
335
223
854
325
1951
1254
1207
9868
280
88
159
48
4674
343
1382
876
40
459
1095
78
2784
331
1081
543
2183
1348
1245
557
1362
415
488
543
153
183
630
309
240
480
108
458
850
799
1871
1671
746
1068
1959
2117
1074
1097
584
349
585
1899
1648
369
734
564
102
348
1035
265
1091
876
748
453
110
792
876
525
1145
2049
2541
1021
631
2229
1072
150
843
354
1524
514
296
712
313
1162
750
1528
268
4597
1123
560
265
569
1336
3207
5420
270
124
1553
1969
481
2147
672
658
58
700
929
1231
97
1027
1040
1030
616
1382
3638
2445
1700
2147
836
5578
1015
1249
2879
1008
2220
380
699
2266
4174
118
1786
1111
1985
1909
1180
799
543
118
884
254
674
1762
418
1454
5525
1178
3144
728
3289
70
789
691
1113
1471
757
2258
1496
2048
1034
1641
2607
2435
126
4285
45
5009
100
1465
3538
438
255
415
778
252
1200
377
1617
3211
200
950
107
4087
1973
121
2027
242
1349
1601
521
908
1632
440
1107
690
692
959
2237
601
1212
868
400
41
329
1476
3486
709
847
264
514
305
8878
577
469
811
1338
391
340
1032
235
239
1693
1571
346
1337
519
451
806
1330
1721
1094
314
3094
1953
1369
868
121
1897
430
657
645
61
413
2288
590
2112
3029
359
619
416
379
1796
433
4530
156
883
2410
781
998
256
894
1333
327
1412
411
1298
583
2992
107
241
741
681
1097
569
1192
1027
780
3812
1469
1347
910
1532
1904
306
1851
381
792
3520
857
1552
1928
127
2052
837
3476
482
704
1924
885
467
3855
2387
176
1128
146
3252
4563
667
565
981
430
3068
1925
1386
523
71
392
561
1884
553
986
1588
1900
630
1441
1279
1217
1509
1788
599
199
196
1573
38
323
187
1853
613
53
4254
2484
1470
1476
1864
5598
97
1402
633
51
1362
449
1103
1284
568
602
82
374
1853
574
175
1883
1065
707
702
1780
82
951
1130
2571
46
1656
1150
829
596
661
506
3416
435
136
208
457
1036
1428
1083
333
400
4637
811
1810
92
2810
1492
873
188
63
240
2837
323
112
1103
387
413
479
81
648
1296
1172
1276
281
1177
588
211
977
539
1321
455
471
1705
1351
905
936
3226
1257
2814
71
420
509
1766
2855
1168
668
1559
796
183
1958
680
3691
384
498
1499
88
2761
199
843
934
1302
672
2695
794
100
397
746
453
162
1282
1189
1980
2143
595
2586
1297
959
1913
184
470
290
1509
2099
1089
1045
1384
96
2344
1335
1674
1518
450
467
2955
1595
192
661
582
1159
2468
3565
134
1244
3631
365
4037
468
55
483
557
148
450
355
2171
2360
4644
2422
811
108
1303
1294
1673
88
955
182
1633
302
383
1449
548
1523
2789
311
502
2647
489
3244
1749
288
630
34
609
1767
1000
1088
98
438
287
1034
1013
2793
1026
1893
441
2630
789
1217
1193
1548
288
2364
78
975
776
677
88
3094
774
1135
2319
323
433
1096
238
2590
478
345
3484
561
1145
367
1013
1040
283
267
77
85
167
642
4082
657
340
1973
3643
965
3502
827
724
146
1779
306
1115
144
6427
681
100
1846
3366
888
2406
672
3689
565
725
191
236
163
1047
397
145
1369
2415
103
2914
826
1628
168
2010
743
2258
804
195
1736
683
3288
276
1564
622
1012
362
379
3982
6325
689
3079
3075
154
3051
203
1062
3023
1490
1549
746
442
422
2119
1084
161
990
539
1374
269
116
1383
731
1544
499
1221
3214
188
459
538
101
268
4006
159
213
820
699
955
1607
2639
123
2005
355
1149
2488
1125
787
2602
76
851
247
277
329
403
324
262
5032
625
615
2177
918
2845
103
1797
2886
376
355
2067
832
1168
208
1126
814
407
285
2887
634
3051
583
1416
338
319
1214
301
1236
475
144
316
220
597
283
427
177
595
462
1318
1537
248
3185
874
589
873
2227
1893
2848
720
1626
273
2994
3049
1468
500
979
242
367
1490
193
518
2951
4114
526
313
332
1273
1425
184
4460
1978
1106
622
2281
919
1033
1987
149
1145
873
1654
617
1187
860
573
2391
971
1007
1257
153
1492
279
908
136
2282
1457
96
320
109
1327
412
1809
1084
590
259
85
419
1067
1358
298
589
288
1126
306
1852
81
615
333
3123
207
1358
2153
311
727
509
1089
242
461
732
664
2420
265
2378
2364
1738
704
2719
2105
1236
2498
909
1718
1052
460
1333
242
81
152
1025
846
950
105
732
889
812
1910
60
122
678
340
718
359
308
385
1863
387
238
2238
713
747
313
236
569
1068
311
479
894
2980
3033
1684
131
4073
3618
942
604
286
1753
2364
173
59
353
43
298
3062
523
619
319
305
118
379
490
1300
125
187
3424
1945
1904
683
42
101
1323
992
393
934
2751
557
2555
1398
1042
2012
1525
4313
918
318
626
2093
2773
2331
43
977
461
965
2058
679
522
329
2324
757
592
3102
492
86
4702
2580
359
1026
638
193
1040
1702
936
448
483
1540
1079
3799
911
679
679
1260
901
822
701
1211
2344
417
650
1183
1297
377
41
2348
1619
1333
618
477
3972
2954
224
2444
270
400
1205
913
2180
590
1427
527
701
4242
695
390
925
214
1195
1107
276
1075
1652
916
1167
355
4594
195
505
1301
2643
1546
1915
299
488
533
1691
2723
211
4250
2228
972
53
726
1280
1099
4427
2548
1479
1767
5719
1544
3476
105
731
958
3214
584
413
1602
1237
1060
571
164
352
279
200
401
1436
190
1880
274
1158
458
1849
151
70
2131
180
1465
2228
1502
5278
1039
1951
4444
2414
1550
1408
1822
221
353
1384
305
2370
1164
1031
167
816
495
1244
417
217
296
2115
256
351
2802
677
561
202
564
705
1488
253
738
1470
315
575
699
701
1213
8130
1530
101
477
2206
2331
2678
145
404
846
5954
422
309
1090
1019
1995
644
127
3336
3337
4337
3109
886
2180
1998
1065
516
185
674
563
2318
545
247
2214
48
240
73
1394
569
55
799
1846
1701
471
1704
2857
826
1085
1175
1734
1610
1078
506
524
280
253
1077
279
561
173
1539
1973
154
2244
695
4694
1328
1553
522
776
1578
980
150
1106
4136
556
482
1052
3941
1371
267
1347
636
381
616
1710
6102
401
2620
1380
189
2042
483
538
261
2725
430
248
1501
451
1234
740
3141
130
494
155
2170
2831
166
404
618
956
1112
239
3971
3089
390
177
321
511
276
68
3431
942
864
563
753
82
1177
313
1074
4115
3547
3082
2093
4735
2505
172
303
524
817
514
1068
1916
1575
1874
807
209
74
507
55
1131
1869
3499
1804
842
529
1189
1740
1804
309
85
1201
724
824
953
831
1855
859
1088
182
905
1240
327
879
1554
376
680
180
469
2286
93
321
1257
124
1055
2271
6670
3580
236
316
156
108
198
62
453
438
1303
1001
975
2460
278
1520
268
1674
356
158
769
2379
1748
2796
108
829
898
902
530
1172
1529
49
1193
56
64
976
1712
2786
216
674
615
991
890
178
1573
1661
181
1259
2439
97
231
3410
1521
1071
2198
138
2756
96
411
110
623
565
2468
173
1491
636
616
92
1874
58
2215
384
3869
1082
229
41
508
322
586
663
1964
1571
193
725
2855
1036
4046
470
1167
207
573
110
372
339
1639
317
684
413
1914
1712
300
129
1481
381
1412
242
654
2704
1357
376
1080
942
119
1105
812
44
218
136
100
595
434
1814
1173
1764
215
1222
1707
758
711
1139
2301
3346
330
1302
2312
132
50
5569
136
990
197
362
3040
72
391
128
1071
3478
77
764
1373
210
2041
1556
2167
1155
444
222
1811
1224
3107
2907
1600
3407
1604
3341
1670
631
92
89
564
1973
3684
3087
1088
2843
5844
1205
1572
1277
1360
76
839
1221
182
4789
2369
3206
1294
214
3177
638
898
139
627
3679
395
1887
466
884
786
391
146
256
885
584
74
3620
90
2877
467
616
3071
560
1217
590
547
300
547
55
292
326
1103
72
107
463
4225
1398
5240
720
63
413
266
96
2791
385
143
484
2834
119
2496
362
292
1918
449
665
1027
93
454
1548
867
1058
854
363
104
2181
1781
1395
2332
245
1747
420
791
907
271
240
61
1398
383
511
1696
892
2212
63
2365
3147
68
777
1061
571
5118
598
614
2858
208
1453
68
733
589
504
4237
220
1888
3271
4423
1520
876
236
528
1628
4319
1283
824
3011
3755
586
579
338
141
774
3934
103
1941
622
3218
99
1537
762
265
1775
543
373
476
405
1140
1232
2471
160
3993
1546
1227
1631
166
1030
1397
477
2066
572
312
1279
1457
2098
571
612
182
780
1877
2098
1577
253
1287
735
96
123
2581
879
895
2746
1133
1678
675
373
838
1049
2130
1109
252
831
123
131
781
800
1204
180
56
4616
1124
1342
152
2297
850
1552
1516
342
115
755
873
2310
3631
867
169
451
447
83
272
1805
274
1388
308
1816
1833
672
463
593
527
355
787
4143
2874
909
2159
618
6165
1439
318
70
622
1756
233
1803
714
349
241
63
98
2675
663
731
570
308
2221
243
354
2183
894
77
779
426
2054
2283
1161
684
2161
1179
581
1670
246
1949
1183
1453
2989
2180
96
499
4955
1740
127
2868
808
410
540
1268
2049
369
898
7077
356
255
457
2890
1254
1178
1501
1395
2308
4994
1412
388
1184
479
3040
299
1991
287
187
1960
499
1010
820
1597
1003
170
303
1887
1963
700
357
951
1171
1008
1283
148
678
3845
132
767
1596
1287
1764
277
852
642
1085
1731
2003
1188
750
838
1117
782
1050
1693
2467
431
117
3459
3383
1958
3872
1020
109
407
238
952
591
2363
718
419
675
289
2535
1704
525
120
813
1661
818
947
2350
328
1510
1560
192
742
905
2773
3651
1536
1148
674
792
60
1531
129
2644
513
1648
476
1207
298
1019
2146
1494
87
562
1029
3153
2681
216
1814
5544
662
3073
1453
3299
77
1290
2042
1352
1560
468
157
2473
1478
606
314
309
90
90
1317
329
3910
1573
817
2293
2342
146
456
299
1984
404
576
62
327
1072
368
750
229
2679
90
193
1211
1561
126
3265
1036
510
1008
806
333
1925
2930
1913
2728
2428
4157
293
259
783
4261
1099
1522
243
164
363
742
894
98
892
4507
1025
657
764
2962
738
1072
341
193
890
1416
291
308
1060
1254
109
2749
672
1641
28
1266
1836
1059
365
1365
5154
226
2602
757
237
242
828
55
532
1901
336
2613
458
598
3859
6743
260
1485
1403
1170
1415
1039
568
378
372
2936
260
368
1432
2254
999
171
357
4205
1637
3356
1443
103
4896
67
1638
227
132
1092
2510
829
336
77
4848
940
1846
2503
2302
2112
172
201
417
87
471
273
269
1954
989
430
190
43
1484
2310
1999
2535
524
2151
391
165
6049
1009
1681
339
2979
788
870
1124
1401
958
3071
1035
1305
1148
3547
1621
934
1841
1064
582
1394
862
166
1319
106
115
545
694
74
411
286
4850
187
548
44
3275
422
278
129
472
298
593
2593
260
1189
554
275
619
4597
376
353
916
164
980
383
4424
1820
511
1582
2392
532
186
1353
326
1680
4549
984
456
4069
632
1445
1375
296
81
1157
283
643
1579
2681
1470
455
3306
1679
872
96
412
359
701
244
461
407
50
154
500
3575
401
496
2343
433
341
4587
2135
137
107
1359
75
377
330
561
1034
2058
802
207
80
3288
353
197
94
2982
939
225
625
2555
614
668
490
331
5465
447
392
2249
1168
176
1318
734
2881
63
3506
590
7241
97
1478
927
307
698
1486
1828
195
2002
257
1726
156
1437
939
608
132
2650
1215
312
1809
1539
377
1704
2040
133
1727
653
1220
221
1957
59
1022
663
339
24
726
1998
242
619
1161
77
79
438
572
765
506
692
977
1267
224
2957
402
3270
158
556
170
1351
573
2074
3746
694
1371
1451
1698
1667
2018
197
1795
863
679
1290
180
135
3598
1508
770
360
2716
163
2232
46
3202
381
691
734
3676
68
1758
1939
465
984
47
773
721
214
388
443
609
186
437
621
2660
472
624
729
215
886
1876
147
1068
2182
89
1113
1228
1722
586
5125
1361
1089
1103
373
2161
82
1575
724
566
3819
1265
253
1038
2176
3413
151
502
217
279
1223
1221
627
459
1341
1339
3048
941
610
1155
2017
243
1677
116
1662
76
501
1013
280
1240
2018
1487
3042
2249
2791
491
107
866
227
526
1688
1720
1473
257
584
3782
4342
593
1001
1019
238
1288
601
711
6767
1391
1523
246
1499
945
594
745
251
1359
2361
741
1858
1440
887
337
1212
1732
742
236
369
949
213
1498
213
134
299
1080
280
906
2658
385
1624
730
506
1752
894
2356
582
268
181
39
388
6647
140
1397
691
200
2086
1024
1261
413
124
3073
1797
108
948
122
86
893
1246
606
50
2496
996
4776
4636
788
1140
1171
845
2022
1223
379
631
944
3145
3238
541
323
299
544
347
1622
3667
1454
494
191
2490
1561
6269
127
2514
802
637
247
1254
144
1045
1941
5314
1419
163
1388
53
594
880
2652
1939
1714
196
659
57
613
1001
838
633
1932
289
285
300
283
1661
662
1644
1949
558
1858
288
663
1553
1370
528
3552
170
1743
2067
445
33
404
436
718
241
785
116
2357
892
964
63
378
144
788
1881
2336
671
1365
385
327
1661
453
593
1603
1213
3334
4975
906
194
1564
863
667
616
5471
355
908
588
1360
1148
1480
315
417
994
2166
858
852
1437
1090
708
829
1982
466
79
716
424
559
554
222
6712
628
1033
2742
719
1125
442
1919
375
627
476
1796
1067
1284
116
2025
1702
979
135
415
3130
1516
762
574
928
638
426
87
62
2311
111
1135
719
5302
1472
161
796
1701
540
507
918
112
441
1344
509
660
2313
1748
290
3601
383
245
563
1672
300
1969
309
210
973
507
100
1460
2627
600
740
234
178
417
946
542
124
828
287
155
735
808
843
749
515
1726
1304
683
263
1164
1299
174
596
672
1430
4722
7489
1334
1286
440
206
6301
1411
692
32
3384
1131
734
77
375
895
691
1033
446
1853
80
3545
1192
232
1239
177
5824
1631
829
71
2048
1635
1163
1903
89
1784
1543
189
2157
1048
1290
1159
2884
1419
880
387
1000
2735
1430
751
1414
755
208
340
134
861
1647
288
929
720
5674
1800
881
1281
46
63
1105
582
2118
2118
4013
624
765
63
287
539
407
206
414
618
1037
221
2956
3786
1314
2403
1261
1206
419
1972
740
1365
2654
650
270
1119
3569
239
590
578
3339
1558
1309
110
271
683
724
363
862
424
250
1213
1768
1417
1973
459
4943
1632
1119
387
1033
983
237
51
1479
311
1676
249
484
107
184
1617
1500
1730
760
604
109
594
798
2327
457
235
231
2421
4790
398
1425
689
684
1071
641
838
576
386
1678
255
1484
1142
1362
659
4075
503
176
1475
370
760
784
285
1469
2716
164
322
2852
1702
2440
437
770
1996
1783
547
658
1824
715
690
65
764
345
1217
800
1708
1778
488
494
3910
2336
2614
1239
89
2171
995
341
723
3300
2064
1230
302
840
432
65
399
96
150
92
5411
1229
2868
633
289
1463
1553
251
273
1683
799
1723
2484
740
1140
161
1888
2205
1212
298
388
312
4021
1390
211
109
1677
393
251
111
470
983
31
1186
3672
539
2713
656
1069
246
2363
129
1819
752
1143
34
343
1041
430
583
1385
2435
645
786
988
1801
1103
5922
362
206
1053
721
1839
2239
238
1473
566
1121
842
303
914
1112
1379
1768
431
1544
2417
1404
325
2669
319
3774
1563
500
6784
406
5005
1275
445
493
60
294
1434
1152
703
2229
314
2144
145
287
1097
380
501
962
2557
211
916
900
375
1738
612
412
369
340
434
1136
2383
2117
676
304
1543
231
266
448
586
3569
1619
1329
2758
847
76
2220
206
663
102
83
1024
185
979
29
679
86
198
476
2342
320
2933
954
396
505
1516
350
304
543
271
567
2800
133
521
2651
2114
2636
488
2397
142
1155
2212
1129
3008
758
3662
351
492
128
1477
838
721
464
541
94
821
420
2476
668
552
483
550
159
476
1018
1405
2361
97
1886
1611
1963
1133
1069
39
1209
251
51
125
439
1536
1269
1415
3423
902
487
1306
2451
771
6281
2342
581
1697
542
788
439
789
2088
1663
480
710
668
1476
1284
101
79
137
1069
501
942
656
1230
524
128
448
1441
267
1713
787
381
581
1384
927
734
608
1078
1292
1297
962
581
1613
2543
1754
611
2547
1257
584
2196
1605
2614
523
2399
684
609
1871
2334
2610
6634
65
608
3214
2790
430
1372
59
565
736
561
48
4201
45
1750
1714
72
488
1669
248
1622
1024
2753
599
3303
326
752
546
166
3824
676
229
3292
848
1600
870
1060
178
1420
518
1306
921
1653
205
4235
3101
96
655
2605
688
391
126
931
463
1107
473
1705
338
1720
1694
381
88
106
1388
1529
2478
1606
787
812
384
464
1068
707
419
531
2515
1442
1364
4301
585
2820
1898
3273
68
470
272
1064
168
104
412
32
1323
865
928
100
224
4342
70
473
771
2571
886
1922
699
1072
278
1206
1074
62
1180
466
1476
521
452
1604
3726
492
391
1593
2356
1607
2666
1139
150
1681
1305
39
789
1768
293
3012
1576
1049
949
127
1795
603
1679
327
35
176
2440
307
2520
932
1198
2502
1985
675
3523
522
45
631
291
2002
1121
1315
2834
1444
553
1469
1663
5051
1310
1716
1479
1908
141
1198
459
1219
1043
603
561
1615
725
597
753
1393
1558
417
1629
186
340
423
984
101
1234
245
1360
1111
934
677
1706
1482
281
1722
916
2592
399
2931
462
442
509
315
155
1717
44
3707
1719
583
1816
4849
1053
1060
2168
1511
1002
420
2041
2989
1962
704
1374
343
536
233
310
661
770
163
684
763
1820
102
619
1411
113
1551
518
152
138
466
55
601
41
754
2364
746
1034
97
1252
2238
1885
1572
116
774
407
56
4047
1436
3448
836
817
1599
325
1259
2177
1404
129
1563
712
1250
1354
1595
671
1466
1327
2014
710
348
1233
2373
3033
91
677
3400
60
1619
1678
50
566
172
3149
946
2458
1320
237
2373
342
88
1042
1387
1082
468
1012
505
393
219
4079
3550
2063
778
846
1881
457
304
727
1877
1859
3029
1249
295
1366
316
756
168
391
64
641
3144
119
341
874
400
109
388
783
163
1120
126
303
490
844
1637
1413
1885
806
1126
2797
289
468
1635
3842
314
516
2091
119
361
1614
80
633
848
1665
844
1204
633
4197
584
1167
174
43
334
477
2729
947
327
469
1439
566
239
2296
240
738
206
180
2563
359
171
477
1921
424
802
2592
1394
1125
401
2816
562
7767
1567
5074
1777
1326
1557
1254
278
450
2545
2563
341
324
181
1547
1158
293
1153
7711
413
353
1412
719
793
976
1192
3702
456
2853
338
422
323
167
518
1852
149
446
313
1752
255
218
1293
2194
1610
449
1411
203
530
268
1638
1215
166
2033
1745
1083
382
60
1633
2099
6099
848
2374
834
429
895
2021
435
2355
904
170
1444
865
252
598
66
595
3396
150
1968
1941
2166
375
419
362
169
1835
624
1409
4663
383
303
3353
3043
2513
538
877
298
534
528
565
1999
2421
909
127
328
657
225
731
1702
691
1549
1016
170
97
134
651
108
1098
2197
64
1727
1153
296
1224
506
2078
1300
1988
408
224
2459
796
832
943
5866
1392
1788
1439
295
40
670
2506
1485
344
1732
302
3009
858
2033
530
913
41
3618
548
2294
1049
1054
3408
113
1278
873
103
676
2515
1410
1731
2247
3793
528
884
564
1830
2932
233
282
249
67
1121
1333
300
1700
849
938
1058
709
102
1365
253
1920
2040
76
1897
947
970
374
255
193
1506
939
1195
231
743
381
3159
532
308
2323
2098
549
635
552
520
1292
1583
457
704
130
1852
834
374
1083
2687
425
430
1053
962
627
1670
1050
71
435
1311
164
1587
531
254
4714
625
349
1098
4724
1058
711
248
1653
1515
4465
538
2325
633
2890
2011
2673
2347
326
104
1173
304
1660
1026
2076
1098
396
506
773
1231
1530
136
1065
2232
4640
758
2583
1021
2163
1085
1419
373
112
2746
2257
458
214
54
2106
237
533
1893
4018
352
1205
1516
873
387
1918
1607
99
1289
177
769
6365
1052
1356
175
1731
524
1593
496
791
1103
83
106
1036
836
441
404
801
209
154
37
1147
397
100
2226
2309
752
301
3244
1765
806
268
457
1980
1069
409
1402
2289
1843
229
1374
165
765
3177
72
1208
1246
64
536
842
229
585
180
343
4605
883
599
2422
201
957
205
1108
1363
1360
781
430
330
2073
243
1075
1332
733
1117
952
1862
771
957
874
130
259
2736
501
1998
1572
378
609
214
1659
193
1371
126
2032
1513
659
751
1259
1760
221
177
135
289
743
895
353
931
1100
103
3922
437
104
2025
89
1715
383
1197
127
482
2180
143
36
420
231
905
246
5347
1106
425
1995
346
2103
161
2808
79
355
3763
5133
343
1488
286
1799
716
387
185
1645
231
1611
2379
2979
1293
394
1560
750
867
771
375
199
6379
159
935
2170
2662
840
128
634
1506
3162
189
549
1037
1849
213
1315
77
162
42
192
497
5709
670
1234
1543
753
4189
457
1502
780
233
1051
457
840
107
1097
1194
447
493
339
4527
63
81
708
424
882
97
947
3366
915
596
887
934
337
1975
1173
262
2247
82
985
35
373
349
809
571
1337
1585
437
479
1198
2647
684
630
529
407
281
755
978
313
678
480
1728
140
1161
385
938
674
832
544
2598
61
375
2514
51
618
557
2391
3002
1229
672
1115
357
272
30
275
2504
376
2661
838
1047
352
100
1403
432
635
472
1064
214
192
321
1644
295
197
2198
552
1649
982
1805
904
621
2179
1218
34
766
957
2937
799
2474
611
1482
615
527
76
712
78
336
2328
422
281
1768
771
283
2159
266
94
557
375
1431
1277
646
1467
205
547
955
442
65
1217
721
2603
2084
901
2494
1693
451
847
1940
1913
246
1450
1241
2136
688
1328
1014
621
194
965
2194
154
207
1389
280
705
726
357
935
444
32
153
771
994
1727
3274
795
3028
663
2280
1186
661
1244
3250
966
522
271
707
1099
237
721
882
200
362
1061
1044
935
1521
184
197
1309
465
2856
1707
1326
159
149
1987
3533
3586
54
1664
2363
197
830
296
795
276
359
771
92
287
2562
4577
2217
1434
491
232
923
1897
562
307
1292
391
912
3327
126
2302
244
288
716
3380
1317
926
604
102
2588
966
1236
1406
877
451
4531
1029
1110
224
1813
701
254
301
1136
750
2499
930
1189
2263
697
493
1977
2385
166
1174
2358
411
943
1192
416
87
4186
99
1318
1160
344
390
1094
1007
248
1727
1317
3637
44
917
230
919
307
1870
1780
1003
2060
921
1141
1543
691
68
5194
1807
833
159
178
3617
373
559
1836
250
1012
241
906
111
40
1032
1206
195
79
244
511
741
1346
1004
208
2379
1149
92
353
846
376
3370
3527
532
685
2505
336
1572
276
367
131
924
1066
1130
467
2961
202
1125
1927
3382
1737
658
1671
2217
118
1804
441
387
2099
418
1398
593
1993
1630
1009
3889
1724
2392
202
2058
1441
250
1399
556
373
1405
453
2191
517
143
4875
1786
591
1627
714
1136
526
311
133
2267
945
1438
1420
69
1917
782
171
303
296
197
741
52
1383
297
1857
3219
484
138
1566
560
2271
3502
581
1078
304
1022
1088
505
5236
762
2583
6461
107
2308
259
2263
374
849
545
1170
673
628
2128
179
4670
682
880
1280
422
454
2314
942
1368
611
83
759
2704
3776
596
230
656
1032
173
1172
416
760
93
212
464
659
1234
2190
828
1017
2461
1037
2340
798
2727
3796
243
420
1881
3871
1842
668
1443
338
3296
185
840
160
602
755
760
214
676
2172
360
635
770
271
160
362
138
419
1390
390
1283
193
879
1149
154
899
516
1459
316
454
211
1415
1104
1804
216
34
575
465
1933
630
1004
484
69
1313
3022
897
349
2602
1095
1903
338
704
507
3075
644
589
2249
45
2168
1168
1501
1301
500
81
903
1521
813
1937
1276
552
1172
87
3730
335
169
611
767
457
2455
3901
238
437
1691
1732
1266
2380
1910
1169
55
1759
434
1955
6847
2582
740
1120
392
246
3318
1286
1883
1495
1479
2736
949
210
1594
307
1073
585
131
503
1382
215
206
2290
1077
2953
3203
282
395
120
321
961
186
1981
1215
1065
412
1533
1122
1589
375
387
3472
324
136
2958
1217
2682
2521
902
769
397
207
2075
1148
728
3887
234
325
191
364
113
1687
356
209
746
1570
1090
2029
760
2436
265
2886
871
1709
532
216
1171
429
427
36
3127
1419
220
566
1932
159
2943
377
1154
1558
733
80
3908
3028
1056
532
1801
3657
933
2603
2619
46
3184
1744
934
3910
1573
426
2636
674
1337
395
2707
176
1287
966
2463
797
652
576
61
2476
152
88
1991
399
1786
986
171
506
624
676
2383
1897
378
197
785
1546
212
558
601
2730
500
127
2742
203
835
129
1870
583
278
1422
267
560
2667
822
1066
340
982
58
2334
676
1651
210
374
1161
2699
221
639
1179
1064
3966
1568
108
161
4277
3263
169
590
321
4044
5361
972
409
155
3340
83
2047
840
787
619
105
1088
611
311
740
957
54
2783
673
909
1109
1892
1307
2887
799
506
162
106
2324
6716
610
381
237
916
4193
1753
509
558
1373
2181
2169
822
48
472
515
1329
244
218
1063
416
4075
807
1269
915
359
1214
2578
78
1281
852
3387
2708
2237
180
560
2050
1425
20
468
3288
2147
932
4384
897
155
206
2980
82
289
1507
774
1321
586
3569
1738
1001
731
744
243
87
211
2603
1200
314
2907
1446
1872
154
841
91
2427
649
3159
1364
316
70
454
163
575
5666
80
759
372
1474
750
3411
503
1378
738
480
851
1249
5712
1395
1034
1214
1305
1097
82
727
33
342
3218
2018
152
37
426
1025
585
2235
110
1457
1260
286
291
49
115
4028
5053
281
278
2072
838
206
1492
1568
413
559
1300
568
241
358
578
466
825
579
642
3545
259
588
3371
1259
92
269
98
4817
4059
1036
622
547
2924
233
1572
594
187
4766
2979
1774
198
942
811
1548
902
644
2086
57
645
427
126
1469
106
435
2164
841
2116
989
2199
1148
409
44
184
714
1377
144
951
87
414
404
459
4181
86
1026
2029
2661
656
716
3499
6266
701
136
1345
701
220
548
1873
814
278
148
316
2190
1609
1508
762
33
2573
1546
340
391
3310
724
2008
1319
1204
199
1990
3098
2007
941
656
375
637
71
1852
711
1636
891
464
639
11464
538
4586
730
4045
130
1609
503
2893
1610
1172
2162
1184
1988
2322
1704
433
561
3361
102
1486
1825
1083
2439
49
1596
804
1944
569
192
2288
4456
1623
786
779
534
1921
2737
55
2567
815
2201
1039
1519
1202
6449
1567
1228
3563
756
463
783
341
4982
1271
120
585
1515
82
1977
375
681
199
425
1900
1811
2234
1356
840
2045
3843
1215
210
730
2319
2041
647
115
99
1178
290
65
200
1363
4458
7107
1777
155
1234
1225
397
614
54
635
3725
546
359
908
1054
601
1372
671
243
1927
233
155
1536
458
909
1525
1072
442
53
3397
8057
2557
2179
186
416
318
418
895
730
1733
680
2130
1301
369
195
3588
237
528
1107
431
306
220
538
1011
966
1305
157
841
734
390
2244
4744
236
117
951
91
737
2292
207
72
3342
121
203
2313
167
1009
1313
1287
1042
1935
668
974
987
2334
1487
1193
144
420
1927
367
2285
2279
1680
952
287
1040
1878
295
94
721
231
1260
963
2936
2519
460
58
204
472
377
3094
417
1106
125
526
1683
1527
1310
3856
2455
1778
6790
1194
3346
1298
2740
598
590
1585
250
3650
448
281
1447
2366
209
442
1690
4085
170
550
2453
2363
670
848
160
357
847
528
1633
7725
1718
1056
1709
245
601
176
1550
2202
653
286
1613
488
2037
2722
473
2205
898
2506
564
180
1919
481
2367
936
2599
225
1576
996
252
266
3555
1140
2101
49
2012
1111
162
3606
170
554
1032
907
2634
321
3003
2911
5896
1677
2007
2661
426
1600
1769
304
243
132
1380
557
919
404
984
677
1167
311
236
88
461
3971
1066
842
94
1554
126
60
1264
610
1283
1525
1766
443
423
1424
4178
146
1315
4387
134
2758
644
172
2908
874
100
529
1664
285
1134
1690
303
1489
812
630
429
390
2027
2664
726
1455
52
2426
1876
553
2256
1140
3567
705
1266
1143
551
80
1256
784
1590
429
1449
2700
592
666
168
1743
75
1223
2636
1211
2517
3256
2249
3184
1042
1461
199
130
300
1313
1592
179
2385
465
3765
111
787
123
2837
402
49
1466
1940
632
314
256
78
1743
698
231
1115
2523
1389
449
354
1848
144
264
963
148
635
1112
1113
526
484
2212
1399
2500
1438
334
2508
1829
835
29
260
1421
102
524
2308
352
931
1008
498
403
1022
168
6788
100
295
684
428
2081
764
2384
562
674
145
648
889
202
1058
729
549
1001
301
597
407
617
2078
374
2096
195
1370
229
4029
1567
111
2285
600
522
87
1090
684
347
1212
3687
340
49
369
82
338
178
741
833
58
964
124
2255
274
2832
2290
1098
1507
504
100
390
2001
1224
80
266
1819
1928
243
1010
686
46
1095
1489
47
1650
305
839
611
461
1758
2243
395
4660
1739
712
657
355
1197
66
829
1468
684
896
731
1695
273
627
4554
1956
3101
180
392
227
89
872
3443
160
76
428
231
997
260
394
139
1547
1362
44
327
737
147
174
1737
412
2476
61
1385
708
856
1779
6561
31
1361
1925
917
3341
1317
1742
2213
1375
394
172
2315
3136
120
633
962
352
765
52
225
1897
446
401
3568
465
274
1973
4098
791
448
45
2758
985
232
158
713
3841
470
320
3330
292
1454
721
1845
2234
1262
1735
894
270
1421
957
349
3262
1300
275
685
514
2577
823
1606
329
694
2198
787
545
372
473
671
1249
608
1012
2215
379
625
278
883
649
136
3201
634
330
2224
706
343
2419
327
631
486
100
55
54
842
4871
1423
281
340
410
535
1655
2512
409
1460
906
56
2783
661
2848
3768
545
1294
321
34
300
72
3189
553
915
602
1510
669
1789
499
179
576
233
1231
1709
583
520
522
586
885
1794
1861
182
504
1928
4393
392
1106
314
497
4342
337
737
2851
635
443
1126
977
302
2496
2118
771
3482
989
408
1584
742
1372
1049
142
407
669
526
1581
2408
118
1677
186
219
3609
1344
672
1575
897
141
774
2279
982
2576
638
349
1526
932
525
611
474
1670
1273
1286
2077
185
684
1609
135
699
854
84
3146
493
4085
190
1224
334
2549
3470
1896
1485
566
104
500
781
721
128
2991
3174
237
1246
141
1000
1244
1030
353
1709
1442
161
1337
747
139
2992
69
464
1028
587
3667
1015
48
747
1523
270
946
513
1073
771
2431
7713
56
802
3721
1382
264
73
877
273
1700
694
1168
309
1788
1192
5872
1050
733
4604
1054
94
182
276
72
190
968
2234
1383
2477
4331
1242
1002
240
1744
23
568
3531
310
1241
947
1019
2004
343
1536
1855
666
3333
1107
3703
490
218
231
1891
6949
267
4529
1335
3000
816
868
133
1494
1324
232
2292
321
142
1271
1015
353
1708
655
79
270
338
86
491
2624
2181
83
918
1714
215
981
278
1176
1975
268
4425
122
183
842
2087
117
102
1232
4389
5129
137
1636
948
1153
433
243
188
501
922
1277
611
1192
1322
799
1393
671
1028
386
611
1295
958
3113
63
53
1879
945
4049
793
256
1556
2101
115
2277
1461
678
1221
82
371
2133
227
2746
332
52
31
232
1411
133
923
2220
1536
96
1385
4350
1761
124
1633
259
990
547
456
208
531
362
494
2349
484
1230
557
1457
1679
779
2115
3820
260
4343
1367
851
619
1229
244
2913
972
403
930
181
3474
1485
1954
243
1729
440
3272
1902
454
2205
1526
2150
433
138
1554
482
154
1304
237
209
1518
469
209
541
272
1099
569
179
403
1351
305
3498
2959
728
4619
141
1431
2325
853
2465
1107
951
510
1117
569
1746
1325
1833
1718
93
1926
738
248
1069
79
1508
3393
923
392
936
2426
417
1753
1383
1487
3390
2080
120
239
1033
646
858
734
1205
253
853
1954
2383
849
86
259
3547
1957
2193
972
327
224
197
117
1635
586
173
1240
107
339
162
1435
173
2563
2770
1210
53
792
915
788
853
1267
644
1242
214
480
305
110
1240
248
3687
332
222
428
668
810
678
701
450
108
1172
1466
140
722
1985
529
774
299
924
1955
266
715
505
98
132
522
150
271
5058
912
1807
3864
244
2973
4202
1160
111
1330
2399
58
1524
1119
1530
1869
1374
1574
425
2402
2868
1583
4979
1667
316
3324
1110
229
1830
2955
233
409
124
1086
2366
495
1062
271
326
169
904
1182
122
656
1335
1014
1374
388
905
258
847
853
767
1822
865
254
1448
258
1868
305
732
1196
3099
802
913
733
725
384
194
114
488
1522
1352
177
808
439
1155
450
3700
1959
257
1072
890
2240
2282
341
335
177
529
336
272
1159
1095
264
1279
3700
1371
3422
1359
734
2167
315
467
1885
675
93
3394
417
1540
630
1343
2445
917
118
2968
2002
180
631
358
74
772
2557
368
354
235
2091
319
3499
879
234
545
756
879
863
6492
1401
405
759
390
494
63
2672
560
1040
551
5049
352
1314
304
1305
198
1187
667
3109
1237
2173
683
257
1001
1923
10506
901
899
1931
4964
1280
1018
2351
935
85
795
5048
1197
425
1854
1514
3607
1240
92
2556
472
802
373
3142
1523
1048
470
342
372
221
1116
3852
1207
211
558
1342
522
1537
62
2142
2446
401
1452
971
655
538
82
133
2296
777
1565
58
3811
802
160
159
1323
692
480
826
298
2695
334
110
170
780
856
1176
381
783
989
1185
7219
1701
1316
843
956
343
1024
908
743
681
539
1347
6286
1147
2088
905
3931
434
402
1807
3744
1491
30
577
2181
79
122
1525
2716
621
750
3882
3213
1039
2925
81
32
504
550
1954
4671
2120
2711
779
323
341
4163
5394
571
2407
1363
902
484
1049
2729
3271
285
580
2147
406
1238
602
1912
208
256
299
685
1767
33
297
2555
749
2715
1778
218
849
6627
313
1598
348
4418
77
5445
3399
514
1002
2240
811
364
880
2633
607
480
411
1035
1929
120
379
674
1562
586
751
101
151
843
540
2309
492
903
527
217
58
345
358
82
497
1143
127
308
404
2583
2337
1138
1342
774
529
491
708
443
171
629
3157
459
35
458
1198
2674
734
418
1335
1301
175
1353
651
407
983
932
937
459
784
109
4071
770
380
935
1191
1057
1278
431
1811
6323
442
1842
164
1970
1152
97
1588
144
493
1378
350
291
933
2675
688
253
85
3090
1149
324
277
70
4054
1011
74
219
138
1115
4153
269
1583
3143
1872
1116
464
148
764
2826
86
295
873
176
1949
833
863
997
612
407
663
670
1469
966
1291
770
343
665
519
1120
617
879
750
639
298
889
2209
3020
1223
454
911
954
349
5372
2225
1890
718
869
609
402
1196
558
1961
53
1516
1132
100
322
342
2993
364
275
235
543
1260
74
1277
1386
252
2707
3402
731
361
1054
1035
431
1105
2940
317
553
974
631
1021
189
314
3028
234
2110
193
531
398
79
190
297
1082
124
3447
1792
1741
1457
312
152
673
4166
2869
2341
2230
1173
108
769
4460
755
1439
88
373
2210
1093
550
729
1070
5354
733
3065
1395
483
939
6142
534
227
1484
536
2477
1290
921
1016
716
496
2796
707
496
3568
70
256
246
120
769
1574
3225
655
2336
2793
3067
268
2361
1554
2365
58
1465
191
977
1263
575
1403
100
704
1415
358
1457
1306
520
396
270
2493
1196
899
498
256
934
742
2738
1881
2318
415
56
1741
2075
1745
1315
1119
738
889
267
67
3957
1851
516
687
1705
2453
257
1091
824
831
2468
1038
461
659
3607
114
965
1162
1017
3882
441
543
1584
1226
1289
4671
40
344
2785
1092
829
838
2138
1042
430
72
2063
781
276
3038
3101
536
640
59
2339
907
162
2756
201
1483
827
1894
13267
3455
147
570
1258
4647
1574
571
102
498
2507
193
656
1500
279
590
155
627
152
3522
1421
662
696
2836
958
841
1224
1203
1950
115
2489
207
379
4150
504
393
2818
285
798
1101
768
2597
763
593
455
1843
1412
756
564
807
256
592
2920
2295
1032
1317
1305
130
2683
4719
1608
868
245
497
111
814
1139
1021
959
409
2363
744
530
2135
636
574
155
1221
172
146
2109
746
1304
44
1440
54
468
280
3855
915
2283
578
1637
181
1786
51
258
4143
748
754
1351
308
1063
462
1140
1130
433
4648
322
475
151
2147
604
486
7355
2740
115
1571
513
456
737
1987
3498
1433
170
161
2669
119
1262
1766
567
2038
50
229
2291
320
128
1685
817
153
65
829
380
1060
227
424
1427
1480
222
400
2957
1715
1013
2301
2227
368
281
797
381
679
97
875
1756
3356
589
795
3169
100
1571
1984
479
177
863
970
1104
292
121
404
5142
774
1602
4471
1125
464
1642
3069
413
836
341
338
416
1107
1007
1067
588
5340
5360
585
550
292
674
775
2038
231
1023
2442
235
1187
534
1283
197
1705
2682
99
795
2433
674
1070
1032
1522
1739
1113
804
567
563
103
2295
1802
787
1371
525
770
309
177
113
29
867
983
1180
626
4169
2467
2638
2158
411
1319
979
573
143
2644
1189
4180
1634
1773
399
164
982
261
615
3919
571
158
573
69
90
380
167
181
1080
38
2423
1530
336
50
1854
769
434
32
183
1939
1383
1145
444
3776
1585
1044
637
291
234
2799
1596
37
2297
183
111
224
187
815
214
91
121
483
1878
611
677
2642
970
4254
2329
1148
972
151
238
728
1282
302
86
928
608
512
4152
133
414
370
459
2315
2408
783
1227
624
186
3916
568
594
280
292
501
1369
1794
576
203
892
250
1865
211
325
185
132
1474
5162
574
1340
1528
2044
1017
475
436
385
66
337
2051
185
1642
761
3611
81
1614
457
1499
879
336
187
1670
838
484
519
417
591
71
1214
445
219
2299
1475
484
2987
2760
4645
1512
513
451
779
866
430
441
359
492
1107
794
522
540
1087
383
1026
813
848
56
354
1335
2004
81
721
149
390
828
681
959
914
1092
672
69
1212
2553
421
1798
1035
260
2099
343
206
317
1171
292
779
1498
442
540
661
100
2383
896
660
453
2395
1283
546
1161
47
1093
971
1260
1956
1244
679
589
1337
463
183
2625
559
387
235
74
99
266
2286
2897
1859
1386
171
4538
2549
1754
1883
2249
1215
551
1226
1151
492
252
60
932
2585
1384
83
1729
1987
4580
313
120
672
2348
774
337
477
1885
355
429
1619
1740
3571
332
1382
3454
398
1629
355
1772
216
2915
595
648
1049
765
273
862
2141
226
1987
2621
765
4749
791
215
46
954
2598
1748
2569
99
501
3129
3357
853
2004
938
763
800
1534
2077
1474
522
1277
489
905
461
681
838
838
143
1228
1202
1873
109
235
3068
280
1484
137
2750
225
874
477
1850
1668
761
390
360
58
339
1677
125
3438
929
2281
4045
242
287
1555
162
1378
2109
850
300
249
269
210
136
328
1815
1368
1498
6902
127
2116
293
660
107
1534
970
264
67
1279
2832
1592
297
711
309
1849
646
665
371
2305
1719
649
1448
2226
2961
3461
792
1676
198
506
2180
950
629
1554
1356
1239
3507
37
3760
1159
763
1843
743
2109
1337
206
1229
1510
145
551
302
35
942
1240
866
1791
789
713
1373
356
1427
432
31
62
333
1883
1707
2043
848
188
452
1129
123
1002
906
3280
205
413
440
1541
360
1017
3061
1482
3398
1008
1109
1374
888
3062
5190
217
3419
222
1771
471
349
131
2113
1711
438
869
404
905
497
243
4674
291
1408
480
742
2051
2796
300
4931
76
303
1261
1427
42
238
1907
3115
2186
913
902
2121
1144
4738
2520
1340
349
518
889
2774
1137
534
1753
2081
1581
246
287
171
1927
3455
674
58
3495
873
398
1038
508
367
38
382
722
648
228
1409
751
1431
1023
644
754
416
255
512
197
448
84
593
312
1168
959
1012
816
2903
1601
3772
1553
2924
445
156
2684
1574
1211
1973
416
770
1441
489
2194
1309
2718
1568
147
263
2687
1001
1444
447
4083
2799
631
1618
1198
1304
1709
112
815
772
1275
524
1799
734
443
660
1883
174
376
624
2245
1077
841
778
372
1237
144
595
204
181
315
689
321
377
2700
960
725
687
4168
3019
475
783
3906
945
1107
1070
1459
1149
1482
851
666
672
5142
743
807
468
964
476
1521
1062
2516
413
937
81
3153
2534
1842
825
696
798
520
2195
724
667
487
445
4137
398
87
79
171
1310
647
182
100
944
326
1529
699
2013
296
291
134
294
54
174
1949
2002
325
330
4473
830
607
383
884
21
1037
73
131
1309
2779
2532
768
337
959
364
607
802
1843
75
837
3263
1441
190
1686
1973
721
910
97
774
131
1008
1537
1361
786
314
2055
2020
131
482
573
55
372
1759
460
242
230
1296
294
780
616
1829
297
3024
1238
740
393
197
264
721
2406
2615
2806
3321
734
1193
1012
1857
5405
2161
685
1297
477
1094
1676
452
537
819
202
2271
1901
134
106
2031
2202
4450
1112
2219
298
3301
1682
5509
269
1738
86
1582
584
339
1844
1258
272
118
253
127
2011
762
1582
476
1422
1680
95
1170
434
899
239
183
1807
1240
2928
1301
528
1222
117
151
78
3323
2769
2016
965
523
1732
1582
1706
989
2125
394
136
1257
911
352
438
2131
2697
610
230
439
315
1665
3394
1556
1379
200
680
135
554
1461
937
2086
1100
139
2085
158
452
1215
855
1116
1751
1651
1953
769
3369
1547
3357
2719
1501
266
563
694
2284
362
556
724
1607
3355
935
3823
181
735
2793
1116
1586
539
233
872
939
667
974
832
397
870
956
643
1573
3522
1472
686
1287
2521
1557
2176
496
2682
1177
246
481
463
1542
1355
1310
1035
2096
1207
1099
2227
1424
181
61
3432
1727
842
808
3340
1567
974
2036
68
1651
4410
122
180
278
211
2234
184
1680
2280
670
1438
2261
1739
1827
2030
166
565
524
2169
1707
446
2976
351
2447
3570
1066
759
508
217
599
2706
737
2312
4759
400
135
445
742
1593
1890
560
540
856
248
3447
347
3345
1634
853
322
865
2300
1916
746
1625
204
447
353
746
1914
118
139
627
1413
1456
832
240
3563
65
568
747
1933
352
359
1245
101
1744
4522
340
747
444
832
523
1345
188
338
2270
1970
386
1644
1986
3844
1176
200
857
727
309
956
1019
842
523
568
1392
1513
2918
29
710
1357
719
351
900
1845
49
2060
1282
788
27
2687
75
153
249
1058
486
1093
690
981
441
142
1466
492
1829
1379
2331
1708
351
502
215
432
220
5292
1408
637
268
1045
819
2468
2514
368
105
1678
2112
134
66
1442
240
123
1845
678
3062
1342
811
506
1535
867
2209
533
1132
674
2709
1809
792
2894
609
151
3493
319
478
341
1539
3602
1869
2109
706
4329
252
104
1306
4354
326
473
145
2242
841
1323
268
1129
1289
813
120
499
1544
642
6496
1209
92
385
1082
2544
219
1472
82
3276
951
949
457
809
2014
1053
803
1851
574
974
448
908
192
1791
1732
828
1318
517
1401
416
370
1697
93
1438
2068
307
1219
3579
85
1273
2170
131
798
688
2549
484
60
1867
1191
523
196
815
1953
1828
121
2145
309
69
159
988
627
839
353
846
353
1470
979
2295
1188
387
4284
334
1032
1435
5757
206
1048
65
1075
84
1360
45
514
730
987
518
1783
92
3672
571
2877
2375
3314
1151
563
642
250
945
1029
1052
133
702
1369
309
2116
2203
3092
183
105
802
1543
224
946
1538
741
867
432
1437
234
596
2756
421
1320
2053
3427
209
642
131
973
1073
856
503
530
125
1667
270
832
175
263
364
66
580
1365
1091
134
101
2488
371
832
1314
1290
253
308
2213
518
1459
5569
1060
835
1779
1016
1124
795
38
1500
225
3618
2006
1819
1802
1050
3178
427
1366
455
242
483
2927
8297
1409
2206
461
951
375
200
2293
628
2246
335
1464
1414
2931
249
1642
391
2474
1201
1462
876
245
169
268
1431
894
3083
151
465
3199
1885
165
2361
1010
1268
40
1492
772
56
1035
2090
1077
1222
1336
350
106
1370
1191
1336
98
214
300
467
3310
676
939
831
102
1859
761
498
1181
183
240
1059
1367
413
1223
207
363
1388
1434
1090
896
1840
1067
3434
542
551
571
513
681
349
59
774
368
2138
973
1728
1251
1905
1068
1419
883
828
3799
1566
309
1235
1278
473
982
104
1011
166
1451
808
3804
415
1460
1138
1803
5370
922
4109
4854
2433
3141
775
272
155
1487
2147
2447
2731
602
1315
964
583
921
2512
2385
1363
1523
22
973
437
184
240
423
105
3382
269
487
3841
857
1369
926
579
454
2301
597
552
1524
956
1098
695
700
2295
458
1622
390
1854
866
1815
138
431
823
425
860
1150
1029
748
3421
228
2050
1359
338
2279
1013
1010
2654
281
257
39
749
2143
441
1024
342
1036
1317
1035
588
973
400
1087
3206
494
1803
460
2876
669
1260
827
709
70
1453
19
255
513
408
448
1129
2065
1095
107
318
2877
703
221
272
648
783
613
518
293
274
979
810
663
783
276
1275
97
1076
287
960
689
1836
2233
1062
263
125
2998
514
4201
1404
1841
1130
1081
555
1303
274
2903
1140
1208
1158
286
237
5993
227
2443
1281
650
854
163
446
1119
552
567
241
600
1825
114
1427
1206
84
1713
232
2636
260
1383
280
258
158
459
1093
1635
322
382
1357
2588
2325
801
160
510
1573
1071
333
1314
2294
160
1626
701
406
2645
2643
2434
142
941
2090
31
111
1952
181
249
1266
773
440
287
629
259
1459
1137
3692
154
476
2406
872
1751
1224
187
4043
344
2429
2483
172
577
270
1806
2106
3040
1102
5620
604
220
528
2683
3237
1110
144
705
433
397
655
1160
2119
1478
1932
999
870
105
1798
402
1048
4915
834
1302
2641
293
931
1110
141
717
692
189
481
427
1077
1079
188
2467
398
297
762
1769
638
23
473
562
1784
859
1480
892
512
625
802
654
585
1514
1640
861
414
2792
6285
2067
344
218
223
1135
1372
634
1995
127
639
949
1762
2464
994
1141
943
2135
47
529
1831
1359
220
2430
793
1954
1942
321
375
1195
133
1833
1823
216
288
656
406
83
253
3307
1522
718
1986
210
570
466
53
1605
1607
277
1052
1785
1228
432
2695
108
725
1410
761
1100
160
1398
123
306
2721
670
370
1063
2272
1093
483
244
286
416
2420
897
515
4109
2717
1566
552
5102
951
1776
803
119
1135
816
476
29
377
1091
1528
1476
1080
700
1968
2081
1209
920
1071
295
151
481
193
172
846
645
130
2074
201
2782
1397
905
603
360
1794
1199
317
1128
758
258
1550
1741
61
1338
376
500
3342
192
54
170
1699
1796
663
161
891
2955
1573
503
465
470
260
472
962
1806
530
808
610
133
374
1458
732
892
1040
1299
1163
509
258
122
3544
1289
3599
1158
36
337
778
1140
1568
4135
885
1984
734
157
430
1462
176
1830
127
2334
1331
1238
516
577
82
4629
2502
521
920
198
328
2328
97
1435
363
3542
180
617
1259
96
1354
1341
415
263
149
1735
647
395
709
162
4143
1400
1310
2323
2991
1739
906
2934
1155
87
816
816
4967
635
298
633
993
735
1416
1319
132
1432
1246
1776
1873
1260
3675
707
1409
2174
126
1643
1121
648
976
1524
833
188
160
1820
2091
1320
1146
188
2223
751
3664
606
445
42
1531
1062
1695
1964
681
863
1430
481
950
349
4032
1108
174
706
309
745
1034
193
107
561
114
754
938
946
4015
115
1073
487
3971
4917
612
490
179
864
3899
288
2385
2364
429
770
3303
746
781
998
165
1770
1329
530
90
1141
474
1504
5016
317
1883
343
133
2141
3674
541
3107
454
229
653
982
448
429
160
171
1971
3904
693
858
980
529
547
826
2117
577
172
4494
287
2066
464
549
2073
590
1799
130
1010
145
817
533
444
569
282
1441
488
1220
419
303
565
953
564
782
959
1419
1303
62
115
173
789
2815
128
1676
378
120
897
175
308
1624
234
350
665
1617
4412
1386
2884
1851
4592
543
374
2644
838
306
80
214
1886
1952
2370
93
1704
394
1352
346
137
325
1046
1171
1532
1318
574
766
412
330
1902
1253
4625
169
853
1048
581
1790
124
