107
263
331
930
84
223
96
172
29
617
53
298
40
113
112
56
41
69
491
237
463
164
304
132
461
349
115
648
191
197
144
288
778
287
82
697
202
101
215
166
420
32
14
168
187
850
125
324
82
244
567
605
519
565
215
802
39
45
119
17
111
201
1283
1118
177
230
307
13
229
293
245
60
38
304
179
412
1058
722
165
408
173
364
74
51
117
452
542
124
28
791
105
237
73
293
126
51
235
127
128
325
164
166
314
41
87
104
551
107
1928
488
237
136
127
208
403
497
142
235
512
330
143
68
366
345
50
171
251
115
206
461
716
206
28
363
50
123
358
106
7
100
62
130
75
61
46
1416
218
467
618
697
299
130
226
284
25
429
137
172
575
425
125
315
140
310
455
278
545
669
442
102
42
247
87
219
224
32
873
226
827
738
477
336
366
302
391
53
180
210
44
66
53
146
676
1468
294
375
117
43
62
159
321
37
303
110
390
967
73
141
316
190
122
1152
119
204
105
45
17
22
73
121
286
364
464
137
56
83
72
298
1241
93
151
105
264
506
98
102
336
675
372
343
98
328
246
381
54
407
19
211
111
125
526
187
202
276
42
325
619
166
58
216
91
292
240
91
206
121
671
701
78
227
160
35
555
176
306
194
179
348
80
195
328
166
87
225
246
33
20
113
126
529
47
59
306
612
974
358
387
185
220
352
94
551
411
528
410
316
440
79
565
221
214
108
107
17
258
233
481
180
1016
238
130
256
594
720
200
604
159
35
171
1274
225
273
29
859
144
270
352
235
147
192
14
211
222
175
462
230
129
1202
610
328
107
154
123
124
359
48
459
280
336
234
639
420
54
520
40
547
119
316
69
235
445
425
693
322
65
74
133
146
172
125
30
319
587
205
160
929
179
84
47
295
58
65
453
450
268
268
110
91
76
39
632
209
258
245
801
450
359
600
43
138
130
129
89
1127
123
703
222
177
298
494
158
274
313
160
275
86
387
264
160
748
295
206
712
323
127
127
576
400
76
128
200
45
174
75
361
145
85
686
863
93
145
678
164
88
160
196
33
35
502
84
89
99
297
146
209
254
55
43
344
54
41
316
192
249
28
838
561
237
96
1074
164
90
187
378
31
270
291
45
75
87
186
235
46
61
220
446
399
304
407
115
396
473
61
397
45
158
65
26
151
730
115
242
545
129
207
720
78
74
112
15
189
180
81
238
260
331
1248
280
341
447
397
409
451
129
120
38
292
61
509
229
147
679
51
77
49
660
373
282
119
941
472
319
36
94
121
418
83
224
291
814
31
378
282
18
959
144
169
587
208
123
196
427
31
20
441
613
806
702
259
126
301
678
252
71
197
349
87
311
141
727
357
741
162
296
286
328
481
323
196
276
873
28
243
121
51
238
312
275
263
27
1412
444
302
342
168
295
322
49
541
117
317
216
138
548
111
1307
265
124
94
66
33
264
108
59
346
209
40
245
214
51
180
103
394
223
849
328
162
579
152
363
263
159
161
69
61
302
215
151
148
506
1044
464
1052
626
134
50
242
109
375
112
462
329
430
84
292
164
221
392
205
193
523
257
251
125
901
156
148
230
118
162
144
87
49
38
185
86
627
95
223
636
125
223
151
610
316
558
40
109
346
245
984
604
186
297
826
106
549
93
76
173
208
385
207
218
320
213
330
168
25
45
20
147
177
395
173
432
11
159
123
32
73
244
279
215
337
144
505
86
178
132
555
477
205
162
92
240
117
273
432
753
93
215
220
260
202
194
195
239
142
14
478
205
213
52
606
182
416
289
139
396
47
84
177
27
29
764
249
135
133
286
79
227
590
70
656
113
480
256
347
104
50
174
886
242
370
204
112
322
176
159
195
62
73
341
75
633
28
460
43
111
502
182
624
52
244
121
216
44
16
67
317
319
115
114
412
431
425
16
239
112
268
52
1054
60
302
198
170
27
81
153
21
31
492
86
434
64
101
238
157
162
636
75
383
23
849
66
223
221
105
137
114
39
140
241
372
25
311
298
61
25
115
1053
75
310
404
438
1601
346
894
1164
582
110
39
267
116
163
542
46
297
502
73
206
433
373
243
58
12
44
881
149
747
51
333
57
804
70
281
191
60
116
196
214
116
257
104
313
758
473
105
265
439
489
72
201
191
98
55
321
247
618
125
722
505
123
119
234
347
260
96
185
522
610
240
373
7
377
27
495
284
1111
178
283
615
377
191
477
221
331
530
554
182
164
131
1362
270
106
142
845
419
57
712
139
1739
188
454
290
510
542
83
67
119
144
29
1188
167
287
428
150
172
215
564
478
555
149
417
282
321
265
206
742
525
654
163
224
373
733
366
176
308
53
58
373
81
199
180
25
153
380
320
372
274
715
140
178
483
689
222
578
563
347
192
436
306
145
365
307
530
139
149
149
285
81
145
111
23
454
464
91
62
80
513
45
323
228
167
288
187
174
754
400
34
304
176
134
285
86
342
218
85
303
93
119
64
461
96
239
581
68
56
101
1021
291
919
425
178
45
475
472
161
165
103
90
457
95
105
24
334
134
67
316
95
446
304
355
1536
267
104
204
109
881
182
220
261
351
122
100
136
303
182
303
39
714
101
90
212
275
116
111
46
65
327
55
53
129
243
126
284
378
223
480
168
16
212
156
41
71
481
293
474
494
179
128
86
91
83
61
22
147
289
201
483
417
37
32
1109
178
263
171
668
208
548
296
270
125
251
128
44
129
864
135
359
136
290
409
104
96
189
114
216
194
106
1605
192
45
137
618
333
137
70
119
172
567
1020
302
105
50
1369
523
132
208
129
24
323
45
117
113
82
178
317
662
403
110
569
206
238
335
249
298
194
205
1139
31
21
53
498
137
750
245
265
30
80
62
84
240
157
82
198
320
185
40
229
294
165
186
145
100
52
240
66
185
153
313
172
132
299
387
19
35
317
298
164
445
398
315
203
78
29
212
599
125
643
175
315
1340
94
138
301
111
144
441
59
141
534
180
932
543
36
65
520
529
34
283
27
87
537
419
1088
283
359
125
34
67
57
238
494
244
347
285
59
720
272
305
72
42
889
331
535
359
81
123
170
222
323
138
135
195
121
120
291
496
682
253
888
263
225
70
332
329
479
649
53
155
478
950
265
262
82
160
161
741
58
1251
344
76
37
414
28
80
158
393
384
203
1526
69
328
384
212
111
83
123
585
172
113
519
238
522
241
136
266
107
1086
81
225
363
30
149
322
611
302
276
527
175
351
51
533
546
91
1164
370
953
164
370
38
391
164
319
555
182
245
83
453
90
32
117
40
294
42
212
26
116
597
110
155
214
426
309
554
106
116
179
343
91
204
503
52
193
182
285
314
103
29
57
322
296
126
131
536
611
287
979
140
697
400
49
196
51
581
75
116
350
72
215
104
246
931
258
169
363
390
139
401
873
308
558
635
152
272
301
555
160
480
783
42
311
250
243
59
199
100
801
433
632
248
149
225
177
193
184
52
42
78
619
204
34
10
158
139
177
426
281
644
197
136
215
269
12
39
527
129
260
1499
430
80
303
209
174
806
141
322
414
297
372
307
344
306
169
58
528
369
99
170
37
287
238
295
91
826
462
34
132
252
345
255
98
216
258
294
401
33
119
307
91
157
600
768
18
180
778
67
209
185
237
883
308
29
192
99
300
131
732
217
228
292
21
209
16
15
294
352
523
141
139
570
32
172
251
96
150
369
22
674
119
17
732
207
231
94
98
144
93
77
273
84
347
221
43
325
506
139
115
362
295
6
367
683
173
98
198
340
1229
455
341
60
28
70
332
112
291
472
253
94
450
240
151
458
104
131
39
481
520
861
155
1114
112
977
156
332
281
580
285
180
128
268
420
73
114
133
393
108
103
277
293
365
535
221
131
619
641
233
1194
305
221
652
384
122
417
480
79
211
248
285
121
75
151
223
121
174
501
72
973
788
165
196
460
579
117
321
306
1046
227
192
494
233
316
164
103
1130
1263
117
90
734
19
18
136
712
1090
435
633
335
594
94
125
169
521
97
813
176
213
319
88
28
69
49
22
546
149
172
197
204
95
67
246
131
609
28
422
56
139
422
338
495
222
458
531
100
741
362
217
93
96
107
37
232
804
427
54
45
100
1182
704
325
42
164
217
577
985
34
300
271
357
184
1258
386
91
382
768
349
421
90
95
154
467
225
315
53
607
23
604
155
177
230
221
573
687
47
129
630
232
184
129
137
345
87
511
74
150
93
32
383
197
21
370
407
391
67
124
311
172
41
18
580
147
461
585
113
438
233
98
86
59
278
282
354
63
64
144
102
286
458
324
105
68
378
405
105
535
84
85
410
127
561
609
316
209
574
164
775
64
48
358
316
126
37
1011
29
243
249
80
92
132
769
70
49
99
276
37
184
296
49
166
52
169
199
65
66
366
874
462
76
47
156
136
63
55
57
237
290
176
120
97
27
64
60
163
118
154
433
544
79
99
105
429
188
647
458
1408
14
114
117
391
646
150
255
196
26
28
140
410
105
235
332
104
423
805
1032
354
411
241
48
109
155
567
463
124
644
400
164
348
195
271
251
411
81
399
161
55
270
332
211
443
93
318
23
740
286
146
202
756
104
64
121
123
72
112
150
227
316
269
194
51
52
128
68
73
155
93
570
401
393
20
575
389
125
84
118
887
212
59
376
788
38
300
201
342
117
54
455
123
65
333
20
130
240
83
206
265
309
281
185
433
380
127
1194
236
414
266
422
390
80
396
407
47
347
98
585
323
70
390
153
461
143
175
210
81
553
331
25
291
422
88
28
88
57
120
199
220
902
303
157
628
293
57
449
535
180
172
397
485
314
177
270
189
56
260
128
618
112
515
404
653
48
149
105
157
266
119
80
447
229
263
66
337
205
508
144
173
127
991
20
42
371
195
607
690
137
522
29
171
547
269
158
113
222
990
343
55
187
379
470
609
1533
145
152
47
45
215
69
273
31
249
1456
95
221
248
337
186
576
159
381
317
198
714
432
121
168
83
183
314
137
361
79
358
21
477
34
234
609
356
118
156
95
154
479
363
154
183
638
46
362
125
330
333
448
407
5
762
26
134
220
116
816
399
648
775
269
195
399
163
227
720
176
251
539
89
389
284
314
155
310
392
44
569
1687
539
136
254
116
493
55
311
73
279
167
110
552
1160
726
351
661
991
106
241
280
113
74
110
273
33
314
8
141
668
94
115
418
738
672
868
360
75
150
339
35
28
1029
529
94
228
182
533
436
1631
384
412
338
115
432
145
310
168
234
595
91
227
305
186
52
35
316
309
32
169
214
66
111
49
204
259
417
119
164
216
56
139
27
447
308
577
6
142
135
74
183
234
223
47
409
463
392
753
158
57
434
21
576
558
532
218
53
154
112
301
74
363
316
872
78
158
151
193
363
94
259
7
144
611
113
259
125
705
199
1263
941
204
189
65
118
337
1113
313
571
171
512
213
53
433
242
208
116
612
236
75
1202
871
124
33
885
136
372
139
175
185
268
13
592
595
325
224
854
191
83
880
25
322
276
85
103
146
642
266
517
604
321
239
218
161
168
54
859
200
1004
53
232
496
132
58
183
754
99
452
480
599
341
249
207
265
153
265
237
127
127
58
355
11
206
67
360
29
45
148
312
878
137
825
11
34
146
267
1165
365
153
165
433
250
343
244
122
453
277
333
296
252
96
565
872
37
219
92
399
148
47
337
45
121
75
46
21
237
91
180
50
76
16
289
481
20
38
336
237
332
148
69
280
238
639
650
55
313
14
822
72
423
729
306
298
198
99
578
649
44
283
751
558
203
409
638
40
120
428
460
170
267
164
139
502
45
224
89
335
1374
137
210
269
41
872
811
131
55
167
129
361
423
602
173
340
138
509
61
276
132
31
541
194
215
85
71
233
104
219
117
373
85
108
159
1134
276
78
259
401
104
357
312
805
687
123
117
329
211
65
316
14
61
114
490
116
205
741
379
255
173
124
146
321
358
112
305
447
464
99
888
483
40
285
109
119
283
162
1041
120
870
452
262
392
462
478
77
58
191
275
119
539
339
2359
317
215
1021
336
244
158
31
65
53
306
120
169
119
48
371
348
709
92
68
314
421
169
949
539
20
197
35
105
15
227
294
428
103
246
169
124
105
236
171
111
163
577
85
173
82
79
1059
16
98
790
41
181
442
1219
210
480
103
22
617
14
244
185
195
308
131
140
86
122
32
530
271
175
98
74
100
220
56
117
258
414
73
109
453
463
93
47
147
62
75
683
49
88
292
66
226
300
209
28
9
99
221
486
126
107
907
849
149
66
231
243
138
59
624
295
236
255
198
733
134
441
21
549
235
10
394
726
427
221
314
95
252
117
43
71
81
259
217
198
45
671
349
169
114
519
799
568
126
73
509
599
44
351
265
292
707
327
141
751
295
158
664
344
67
354
95
765
598
125
370
187
133
201
58
126
147
168
113
78
151
21
149
242
416
783
953
422
224
38
1016
92
186
148
520
149
218
21
82
11
855
167
107
856
93
181
419
153
105
142
25
524
96
442
236
63
604
130
330
375
25
386
327
48
764
307
495
242
404
182
398
208
28
288
288
147
11
62
1118
91
50
793
84
50
58
15
158
28
530
24
478
485
377
427
103
65
256
521
110
137
673
266
555
132
167
800
209
220
195
433
55
538
478
617
1468
473
122
168
72
210
40
123
185
261
66
69
569
562
457
164
176
224
866
931
77
194
301
222
75
144
519
267
20
64
118
496
174
100
142
140
614
390
208
152
500
185
325
308
22
69
478
824
948
501
1423
109
48
154
291
283
356
117
171
73
111
124
362
123
44
19
113
178
64
117
887
124
180
183
332
419
351
30
507
240
125
70
427
269
69
435
307
194
1022
166
105
160
253
354
134
272
438
202
1204
301
92
144
18
636
203
614
347
283
461
35
30
27
344
252
122
47
79
444
124
97
15
254
571
59
210
479
216
314
198
99
314
49
206
324
199
154
96
141
72
143
1238
198
226
74
831
388
14
171
149
28
871
177
36
37
101
1051
74
247
20
119
155
109
321
366
163
439
627
143
98
770
87
261
98
729
115
291
112
289
40
978
216
179
719
179
35
170
921
119
70
679
184
412
14
110
44
288
224
241
303
296
8
227
133
63
184
100
221
140
72
500
39
280
298
393
550
38
494
666
260
273
60
367
163
271
85
486
696
123
279
578
291
341
692
96
43
75
48
382
204
325
1114
259
75
239
41
22
81
397
49
572
35
37
605
32
86
80
102
18
99
349
372
309
567
652
105
204
1548
101
80
208
183
417
190
168
382
45
302
92
892
45
309
39
106
146
382
477
422
113
378
135
32
539
61
133
470
164
313
169
118
585
177
16
253
289
280
133
616
13
93
238
116
49
122
50
83
60
783
102
409
327
541
449
200
59
789
98
427
312
207
136
416
1147
109
138
942
538
214
362
496
95
273
174
370
204
681
119
690
52
82
77
514
204
224
21
170
292
126
417
33
196
131
125
197
339
53
276
460
224
893
784
146
488
257
664
926
81
129
293
345
432
227
362
376
124
148
496
213
386
453
174
73
559
142
442
20
85
468
80
211
95
84
505
338
212
794
61
438
37
26
676
665
270
57
709
220
280
85
976
34
160
23
102
106
12
60
67
121
78
466
623
134
263
212
136
219
28
119
241
311
289
472
263
614
92
532
62
1232
122
152
144
309
258
60
144
406
548
168
354
129
469
99
735
109
18
500
216
79
299
89
210
156
165
756
254
331
211
36
412
168
219
610
362
59
287
170
536
184
117
197
106
345
140
191
598
75
122
137
218
301
184
161
112
178
253
481
35
359
210
235
88
69
85
117
207
142
49
213
54
416
391
477
1479
341
92
249
98
290
81
292
76
140
86
22
139
123
323
404
482
258
299
245
57
353
862
49
152
432
183
338
110
277
370
53
303
608
164
391
129
280
430
77
251
258
205
319
128
317
326
74
226
326
792
110
147
220
133
316
342
41
84
31
532
344
859
57
412
1381
227
322
204
33
83
154
196
400
214
154
120
82
160
18
308
139
298
411
130
304
325
241
38
72
268
84
585
635
196
1119
127
267
68
112
234
170
70
75
105
35
189
245
27
10
317
249
649
52
215
240
120
166
83
144
60
86
232
329
441
273
215
114
122
272
145
220
441
318
491
73
109
492
197
367
138
116
592
444
284
453
252
395
13
624
508
115
219
400
270
689
590
149
121
277
383
35
158
150
902
762
244
358
246
122
481
124
140
771
195
141
117
662
246
30
1242
211
450
905
345
69
140
229
72
433
204
371
99
83
77
80
158
1164
447
390
126
182
70
60
115
760
17
756
99
106
159
350
387
80
72
807
785
535
437
373
252
207
839
13
393
201
496
329
184
134
523
211
159
486
37
26
87
45
220
66
598
148
415
198
1252
44
184
659
101
267
431
183
192
457
92
402
278
43
139
131
477
642
73
80
207
213
542
89
299
464
537
30
382
304
118
281
160
161
233
964
170
147
517
368
27
392
227
217
193
377
82
333
347
547
180
387
177
160
178
152
867
429
379
49
85
292
121
38
102
151
384
64
528
56
542
50
20
538
286
504
52
196
269
220
461
616
360
396
711
388
185
601
92
149
329
72
230
261
160
293
322
55
172
480
183
173
79
657
238
225
142
101
48
116
302
178
583
107
30
83
188
78
441
366
350
195
119
313
82
218
42
47
157
475
188
76
408
118
79
12
506
48
233
241
187
86
637
340
603
131
121
343
90
249
105
30
146
668
136
168
158
125
42
268
673
138
419
12
259
50
511
78
74
40
171
337
75
86
262
81
147
183
180
176
508
107
551
203
81
178
67
206
568
118
104
234
56
290
198
75
283
305
60
153
641
259
149
45
67
88
22
516
407
265
333
39
636
959
212
99
333
80
213
46
524
24
291
253
442
427
57
254
332
476
196
36
619
27
95
432
145
220
47
170
1075
451
343
87
86
7
983
275
143
94
198
300
206
674
266
288
369
306
115
110
372
243
9
203
50
220
74
66
422
584
431
529
477
98
123
68
313
47
57
81
167
424
45
53
212
14
168
579
71
238
521
835
90
390
240
140
151
208
97
280
58
297
455
121
100
120
168
158
728
310
139
112
283
520
230
122
398
149
1002
800
27
68
908
22
110
428
283
430
689
23
445
284
89
788
401
184
459
194
57
129
153
224
168
210
271
163
55
252
14
141
400
445
543
431
481
193
313
80
447
835
341
135
113
59
328
547
166
193
87
468
669
228
260
135
32
261
242
167
290
71
450
795
338
379
670
49
135
509
35
11
29
814
210
1053
255
160
239
476
195
208
589
174
710
66
67
186
98
195
1083
164
374
187
175
280
365
249
216
341
109
60
167
185
154
96
375
120
159
788
83
59
541
527
124
66
774
186
168
1364
22
71
679
137
139
198
62
230
405
158
64
163
88
88
275
404
94
19
156
160
295
1225
276
64
1255
29
609
1038
230
93
143
235
814
60
199
143
98
188
150
593
639
127
689
225
133
682
151
107
111
334
191
61
213
98
457
158
14
370
109
173
653
36
108
190
70
1160
254
162
58
753
145
256
633
388
94
175
23
73
48
101
316
148
531
145
586
630
96
221
151
92
881
243
758
144
199
533
481
512
423
111
45
161
229
75
167
379
88
323
110
124
130
363
200
552
127
171
105
72
538
25
133
367
149
76
732
247
212
664
253
186
566
918
149
24
100
165
62
54
300
146
95
330
255
726
54
176
306
368
612
39
143
541
200
179
129
102
254
202
78
306
336
103
92
118
209
649
118
215
11
146
51
665
194
333
248
152
123
166
118
56
499
244
129
925
157
197
195
188
208
553
59
96
97
1005
403
119
208
790
446
206
145
71
346
192
287
128
76
974
210
194
609
117
179
446
116
933
44
562
423
218
85
436
81
84
149
65
419
123
38
288
148
314
458
932
51
142
337
650
335
74
538
290
86
81
179
86
132
479
206
107
157
313
205
146
245
355
211
32
89
180
238
429
499
134
146
293
184
498
182
178
221
263
107
516
111
10
127
250
35
519
224
155
130
212
65
19
1073
301
327
603
422
195
295
107
164
490
144
581
304
44
352
667
9
105
138
461
298
376
199
246
419
188
557
41
85
155
239
437
315
43
241
90
496
94
21
56
1300
257
31
5
236
131
397
309
340
134
396
143
397
473
526
470
256
529
243
432
372
33
223
141
9
64
45
285
394
382
497
132
159
102
162
504
266
271
243
22
71
95
23
233
365
227
149
359
27
70
289
169
117
187
116
445
175
134
100
581
488
81
71
770
172
66
182
28
460
230
365
57
282
811
403
219
105
759
174
156
243
513
85
141
218
967
546
644
310
519
14
124
134
110
59
96
45
44
907
176
571
98
85
32
602
1649
250
125
178
434
454
80
313
613
218
171
55
60
178
531
396
54
432
635
116
219
516
110
603
73
39
124
790
84
91
500
270
150
75
63
735
88
56
119
583
55
191
129
155
373
220
459
14
7
316
747
317
148
190
241
422
65
586
91
300
253
40
149
234
157
132
985
257
278
59
811
320
630
345
30
127
387
195
52
367
118
280
108
168
355
82
164
149
152
96
226
260
152
585
1071
202
70
133
53
872
67
214
178
187
130
580
313
125
257
216
326
423
85
702
504
348
678
83
504
528
664
159
459
109
450
109
109
527
366
174
381
205
453
81
146
18
128
878
1894
52
464
420
84
94
162
167
349
423
116
16
171
407
84
114
339
489
137
205
46
525
60
1056
378
364
136
218
270
445
858
1316
242
85
107
220
356
140
1179
41
333
486
351
597
26
976
31
248
61
420
127
531
52
55
499
179
758
361
248
115
24
246
248
1210
564
119
453
1355
106
40
240
229
1182
228
71
48
1294
268
68
103
1151
5
364
211
171
492
235
18
143
100
157
143
675
426
585
238
47
555
60
226
166
197
176
575
108
553
89
333
88
558
103
483
23
352
30
307
1105
323
142
160
797
227
110
197
101
84
352
537
821
268
625
142
49
127
234
82
356
486
714
344
39
86
118
120
163
82
237
136
486
55
201
322
114
20
29
378
176
251
103
100
178
542
282
154
149
138
456
205
626
125
85
128
50
135
258
53
43
407
315
91
216
287
128
110
296
58
27
908
679
232
153
228
36
139
240
137
298
294
42
153
207
640
71
66
707
161
1362
1014
54
507
349
347
528
642
369
303
366
24
526
205
398
183
24
131
309
131
49
49
144
333
82
569
460
111
155
420
162
652
213
273
1431
356
215
353
195
68
386
119
79
165
934
561
89
198
199
227
38
165
85
85
213
86
59
477
1319
164
473
363
282
111
386
233
576
102
514
211
580
364
849
616
314
70
2991
618
240
181
231
196
153
54
488
135
483
262
160
173
88
188
227
483
126
174
207
491
1071
35
174
158
49
220
361
379
137
15
733
40
234
184
163
200
143
196
115
326
22
153
386
55
257
416
331
67
786
182
311
55
154
151
64
1241
111
389
572
437
30
390
222
625
39
151
359
98
345
113
64
299
53
176
153
109
150
1289
122
60
70
161
291
542
663
201
339
212
307
125
351
206
70
49
251
161
107
945
390
143
539
285
216
24
114
582
211
182
322
203
495
281
33
28
125
604
246
56
172
544
143
94
737
505
124
73
22
204
210
231
260
150
184
336
413
187
165
165
22
427
345
112
274
65
273
538
738
392
174
248
118
172
108
599
473
42
69
120
545
380
238
220
128
396
176
566
13
177
30
112
253
64
225
44
183
111
4
505
209
51
281
74
66
257
116
71
481
117
92
130
14
354
169
556
352
170
238
267
376
234
328
570
50
421
152
298
223
643
335
547
556
205
145
70
193
540
1390
183
17
224
474
327
753
96
437
133
235
1011
116
36
26
695
116
56
252
66
52
177
200
413
386
93
97
241
108
645
67
334
478
21
163
145
514
78
85
52
152
651
337
143
257
237
126
44
150
170
258
722
325
258
10
345
1045
256
182
766
81
601
120
273
75
457
414
19
136
623
609
255
262
244
198
460
212
25
37
73
754
128
160
72
99
367
121
409
329
47
526
523
59
134
256
814
598
608
232
411
106
314
620
126
181
153
16
75
157
740
309
164
147
309
213
456
90
705
164
488
484
358
283
74
495
668
465
31
142
299
165
98
115
8
365
39
195
126
379
511
57
190
400
129
422
155
14
233
228
221
625
238
464
73
43
408
23
210
793
72
61
919
428
820
213
871
772
73
156
164
32
239
120
427
82
64
306
103
774
55
120
357
158
395
112
340
95
43
70
431
543
345
240
391
138
514
474
143
282
270
132
205
53
672
231
1087
807
78
585
341
230
75
718
360
86
179
62
382
123
103
901
302
61
371
88
60
46
874
250
244
109
180
534
164
75
416
44
331
147
597
293
394
433
192
120
141
84
167
475
87
210
147
372
363
276
37
646
302
128
172
60
417
771
341
34
375
87
245
419
280
123
200
364
252
73
163
222
664
350
465
131
149
325
148
176
587
233
82
203
113
361
142
191
115
93
47
119
539
59
142
247
225
268
284
273
513
351
571
449
393
200
95
285
43
196
359
335
418
260
31
246
287
142
673
62
161
722
497
554
163
92
65
393
1164
60
311
42
21
121
199
604
77
770
187
924
764
396
951
286
90
125
169
147
485
258
602
932
216
139
197
122
227
66
42
113
71
129
65
86
86
970
93
77
228
281
521
238
81
187
251
56
94
195
269
56
394
92
261
109
44
376
650
349
294
121
81
1082
30
182
552
114
55
229
66
315
103
1324
97
698
719
1113
105
55
75
553
420
562
179
90
562
164
323
104
274
436
42
634
41
471
199
345
166
267
107
433
117
95
447
268
311
183
167
342
261
64
96
664
368
309
467
152
100
269
43
232
403
855
316
296
159
85
137
879
574
29
84
132
264
847
234
706
524
104
235
332
80
108
135
64
165
377
418
83
147
126
223
217
103
184
165
538
430
89
209
517
487
474
595
232
161
378
75
457
148
337
419
401
242
800
165
529
274
318
83
116
296
48
429
222
297
248
484
936
628
103
103
545
184
287
351
66
103
299
63
59
247
652
519
150
68
46
121
26
224
448
177
338
101
95
96
955
132
137
379
9
143
79
293
560
429
88
256
30
233
83
755
98
437
26
343
521
195
127
95
84
796
44
70
474
37
454
237
1094
207
366
70
37
47
124
92
88
158
60
52
599
10
92
28
530
43
362
298
239
173
76
340
151
397
182
395
750
36
207
246
663
277
148
152
104
71
379
106
17
309
575
135
287
227
52
320
86
251
484
234
601
11
175
64
245
48
255
124
174
292
383
558
181
199
30
528
223
545
413
395
328
89
76
435
41
178
684
653
285
687
358
63
1823
99
86
65
579
307
49
346
677
452
88
25
250
360
165
358
240
249
4
605
765
1044
254
66
532
39
888
28
75
145
257
413
147
151
413
350
181
194
109
484
294
344
89
421
69
65
135
120
98
251
184
64
1014
227
451
318
391
277
656
275
118
131
199
160
794
382
168
403
515
533
362
320
173
572
130
80
402
93
47
177
116
65
118
580
734
66
326
122
141
63
577
490
605
76
168
39
262
197
245
61
560
135
140
242
140
80
54
336
35
261
726
83
224
306
66
28
187
441
822
261
115
312
176
312
598
48
64
78
54
583
185
200
64
163
90
136
175
173
96
562
407
156
149
37
141
279
24
103
213
278
237
271
96
134
59
857
444
64
273
142
165
42
199
521
253
105
241
27
190
224
60
219
909
711
58
488
11
121
576
168
141
88
68
305
71
278
138
38
157
290
305
24
519
103
424
206
220
494
74
139
156
268
170
67
69
67
150
257
450
10
111
447
1034
109
278
728
171
112
257
64
134
420
188
263
34
292
488
302
220
358
110
435
188
329
640
177
259
26
20
85
66
134
289
273
57
1018
49
206
382
139
69
71
79
395
12
310
312
747
332
97
379
79
953
415
180
133
201
350
222
248
173
284
513
26
209
10
204
972
670
136
418
207
577
242
94
52
194
243
423
411
420
176
65
16
469
70
429
312
8
474
572
102
511
22
237
376
300
266
550
256
569
116
349
445
480
325
165
321
60
27
669
169
309
103
395
317
118
202
150
115
434
132
96
186
104
177
69
105
94
557
110
118
102
337
300
90
99
139
115
84
299
137
98
159
366
562
151
298
186
425
254
281
607
213
143
427
314
353
51
455
385
109
206
176
293
311
322
135
106
305
102
85
144
65
100
636
248
310
111
283
156
432
248
61
417
396
103
873
488
370
403
48
711
94
112
227
109
125
503
118
364
35
775
45
16
91
213
216
62
600
55
228
37
947
160
412
283
156
14
473
214
258
570
160
181
312
198
909
174
467
338
132
591
240
433
1159
90
359
27
205
317
278
622
70
126
622
214
38
244
82
216
130
375
502
659
57
73
161
25
275
34
157
255
116
18
242
100
407
216
996
260
272
78
173
521
314
89
322
210
56
288
87
92
214
81
36
122
140
164
190
221
152
213
606
248
336
31
687
47
1599
37
462
265
10
426
138
53
693
276
251
243
661
96
373
555
155
67
29
172
299
309
232
40
84
296
251
50
103
822
117
56
100
429
183
399
89
208
137
702
22
295
181
970
216
123
196
65
292
658
206
505
173
462
79
149
105
527
379
124
532
93
408
320
65
325
153
658
598
122
168
166
163
37
250
186
213
358
301
811
421
40
30
290
388
645
571
155
485
314
250
43
86
312
40
395
443
98
227
96
284
176
215
51
167
145
402
528
13
98
141
207
123
220
44
124
179
222
80
109
62
302
150
61
146
27
40
251
771
54
349
126
84
886
81
357
658
260
54
54
155
420
302
380
387
163
72
181
64
759
1099
727
49
74
233
74
102
85
187
109
155
440
20
86
401
527
343
227
85
8
101
177
310
145
153
137
53
76
792
45
219
106
57
848
143
378
212
67
638
51
178
301
130
324
38
658
30
119
346
121
38
111
453
40
7
79
183
102
62
116
947
26
203
64
33
194
72
78
165
298
697
360
1603
93
497
92
259
39
84
398
133
467
307
38
160
161
49
353
139
429
210
146
228
736
243
102
486
273
142
409
626
83
486
576
107
127
26
847
203
48
17
203
209
357
124
59
356
145
143
346
1299
111
158
268
289
26
242
463
11
688
177
863
197
38
129
237
528
128
118
75
161
171
281
1202
131
81
346
189
248
506
102
389
299
1170
116
33
163
99
814
984
332
45
181
286
282
127
179
486
785
662
400
62
270
248
210
256
855
21
164
102
298
265
243
128
375
1256
435
207
797
451
134
14
351
499
83
57
618
119
763
57
237
200
85
172
422
729
114
273
616
298
539
241
1485
283
446
157
189
76
398
45
208
337
284
71
29
316
109
86
613
462
243
416
463
130
506
191
17
143
34
613
13
912
77
327
600
233
53
570
843
290
861
132
55
625
731
196
102
344
89
175
455
112
246
723
780
292
192
55
287
142
173
116
60
187
397
706
566
1588
151
214
161
660
82
187
406
66
186
600
451
76
167
352
444
157
92
480
80
449
272
68
446
52
1328
560
93
74
246
820
396
454
216
433
43
174
117
104
164
140
1072
438
231
111
231
690
739
104
124
65
774
264
109
33
192
405
1760
558
102
444
73
715
128
211
1586
136
80
120
735
37
42
1131
269
122
108
95
685
45
193
67
356
60
1370
146
78
136
81
99
997
147
97
361
68
355
955
18
353
198
288
170
724
91
161
150
138
671
665
138
249
591
85
61
1053
163
72
67
617
243
133
111
452
824
216
140
41
256
38
135
420
467
105
103
84
701
141
117
55
828
165
27
134
96
75
304
599
161
139
125
884
687
418
43
817
100
737
66
103
535
91
238
208
67
9
727
249
100
143
344
142
235
245
136
249
16
423
130
47
80
287
592
221
211
67
301
8
189
171
12
215
477
359
149
120
79
273
154
578
212
407
49
104
593
323
1197
610
395
279
87
60
101
103
433
208
18
136
278
345
237
226
281
149
216
160
100
167
279
120
106
147
184
140
262
1361
672
102
207
225
102
721
836
51
443
585
44
554
739
87
52
74
1234
753
659
66
107
622
207
397
16
297
202
439
209
38
117
75
202
85
152
178
207
127
303
117
60
27
588
140
164
230
85
211
587
144
184
18
494
80
401
571
237
529
225
102
36
179
47
530
101
55
453
510
43
32
530
388
53
162
182
146
113
614
180
157
146
275
58
74
46
559
21
182
104
104
303
236
316
265
158
1270
1073
211
134
430
27
440
963
75
312
79
321
231
270
527
90
243
254
315
69
118
268
46
258
712
184
164
344
175
436
535
27
94
110
1176
256
235
14
450
203
240
149
115
812
454
101
229
124
124
306
511
78
238
294
177
83
60
263
207
62
76
330
1379
346
369
467
88
56
63
275
207
69
110
86
198
95
283
206
194
108
46
339
45
23
37
317
255
321
634
87
182
442
221
130
68
227
53
97
121
228
61
12
297
484
537
243
247
337
18
762
266
276
416
469
47
174
25
1321
476
34
364
322
172
173
94
48
338
299
414
527
172
204
192
97
36
416
720
1877
201
68
110
173
280
76
210
159
140
1075
341
49
285
259
137
81
119
271
51
522
470
293
183
441
65
147
32
271
6
68
30
73
205
342
341
164
69
741
53
395
320
159
75
108
283
93
777
17
118
192
546
107
110
37
798
984
162
520
579
195
123
33
149
60
45
72
710
141
104
378
81
221
163
557
58
164
408
111
103
259
98
187
64
106
331
114
102
248
651
82
233
338
170
1010
362
295
18
35
36
162
215
304
49
139
247
183
121
125
127
328
96
184
233
32
325
452
14
69
59
57
307
308
175
335
100
226
148
81
342
255
420
656
497
676
345
864
38
239
170
791
70
251
202
1070
137
105
184
444
117
1022
1260
346
75
711
252
309
926
91
191
433
40
105
652
1057
332
44
480
88
123
599
668
616
841
130
477
192
99
280
520
15
277
331
283
373
606
279
482
9
683
54
729
127
390
116
52
68
294
47
240
176
1424
244
180
38
575
137
35
97
377
318
228
270
339
69
255
87
24
24
150
404
536
169
313
220
37
637
838
57
214
322
403
84
301
200
220
237
119
252
112
482
21
265
577
399
413
103
45
208
83
178
139
185
53
227
255
18
96
85
982
114
80
589
85
258
97
161
392
258
428
317
536
64
462
881
238
16
145
185
517
177
52
152
45
235
309
10
389
120
1091
404
244
1172
82
17
88
88
157
1103
312
512
432
109
76
204
181
76
230
601
30
853
26
406
77
124
81
383
90
128
36
92
119
222
130
175
37
57
212
312
176
213
208
41
10
188
637
730
139
50
377
632
341
238
19
342
277
154
43
134
125
351
121
89
187
59
313
74
250
226
208
907
74
439
25
90
357
951
527
385
543
34
76
394
239
235
291
558
313
148
409
724
356
317
647
162
94
51
299
96
74
441
213
62
428
215
27
46
71
473
373
332
93
221
65
131
247
136
166
513
199
97
264
101
571
114
73
560
465
104
128
159
98
159
203
65
44
348
328
295
736
211
104
124
81
144
302
188
142
576
417
176
242
443
323
898
66
74
311
431
168
43
850
442
433
71
151
23
13
279
260
286
61
104
184
56
140
116
239
55
234
58
102
166
212
37
231
318
60
355
794
71
271
88
551
123
102
216
192
214
125
261
95
371
423
193
108
62
23
252
87
642
133
194
742
489
572
129
169
576
146
571
352
524
71
177
392
121
70
195
113
198
378
192
222
54
449
16
263
503
483
941
554
186
305
62
651
146
310
31
348
106
228
693
27
22
182
69
581
905
35
25
120
217
255
498
361
64
267
282
16
245
255
440
194
263
334
106
291
107
110
72
531
33
853
103
424
349
180
183
83
31
190
398
212
180
705
217
153
102
218
281
708
124
356
328
134
124
81
110
160
60
147
115
70
114
779
123
183
373
306
380
180
448
188
351
254
460
24
261
122
37
89
48
711
127
351
95
117
848
230
199
130
181
97
89
29
986
523
394
425
340
287
240
384
148
115
56
170
214
393
41
868
83
197
63
407
90
34
830
139
25
319
124
45
279
79
327
68
363
157
510
452
48
462
48
67
187
274
141
51
101
287
443
546
153
286
82
856
121
252
821
23
1006
85
64
696
174
55
296
407
696
347
34
423
83
89
36
136
295
306
983
662
762
88
125
307
877
282
217
297
69
287
252
35
1013
126
240
414
143
130
594
249
636
257
171
306
99
415
439
97
180
265
831
168
169
207
564
594
892
278
272
202
371
343
248
196
16
221
147
316
84
253
62
310
46
328
141
292
87
12
305
394
393
303
144
696
106
279
102
464
104
545
447
298
550
586
171
510
21
295
156
83
319
79
638
109
575
209
234
220
215
274
56
161
515
581
252
834
259
237
387
272
586
778
617
258
44
37
230
145
324
293
449
63
221
72
92
257
86
158
416
320
264
244
222
136
513
287
448
225
775
190
960
287
22
217
99
218
32
1337
666
160
543
301
135
107
453
286
213
52
220
452
173
386
13
241
210
185
592
292
1385
39
194
78
605
360
653
415
637
183
239
506
210
131
617
262
192
173
71
303
371
286
51
183
36
204
53
159
117
54
75
131
346
396
268
248
331
186
885
168
440
763
208
63
224
1008
178
29
215
237
461
593
153
29
270
374
326
156
55
111
56
158
717
120
69
171
38
212
231
110
66
148
839
554
373
52
97
300
50
127
713
667
346
59
469
756
277
657
328
79
47
138
51
195
302
11
162
365
96
941
131
343
44
155
91
255
94
580
278
36
936
7
720
57
105
60
123
102
208
107
99
619
153
223
365
320
36
222
126
466
163
76
302
237
126
510
187
47
236
238
416
183
351
95
446
100
260
362
61
270
25
78
244
307
111
97
753
642
305
33
351
184
138
12
102
92
29
102
320
410
178
353
355
197
681
30
352
28
75
298
234
78
293
294
821
104
158
319
135
100
303
36
117
268
114
348
536
101
723
1734
82
58
136
113
533
193
364
92
327
47
295
563
386
80
25
73
186
174
45
175
148
171
426
165
215
334
1015
37
438
573
169
118
273
128
940
542
222
115
716
247
90
96
181
133
301
162
233
68
348
12
542
114
41
139
343
958
353
1846
502
383
76
199
252
221
141
433
1144
123
84
206
36
183
413
294
401
598
355
82
265
187
93
303
227
1180
34
159
942
136
145
209
38
212
37
430
68
100
177
565
1094
99
213
64
238
197
526
271
391
329
993
372
207
240
73
552
524
64
354
230
25
615
105
132
215
84
19
107
151
501
148
476
46
237
331
1065
144
209
108
149
274
955
101
381
241
6
83
56
344
267
60
76
139
59
350
270
449
80
59
228
95
389
18
54
67
149
187
100
46
162
763
151
310
166
81
194
241
16
19
521
713
38
440
694
311
590
10
353
362
69
323
131
124
83
741
258
121
75
224
99
412
97
326
208
158
282
29
271
292
110
249
114
754
164
547
110
271
341
238
142
436
104
204
130
1614
553
105
67
117
86
1591
79
365
334
42
40
17
345
498
527
118
162
307
109
106
169
965
497
691
192
346
173
311
55
294
50
188
126
41
708
692
46
401
283
233
737
317
256
138
581
40
733
293
502
464
123
235
155
460
133
92
176
121
302
265
95
675
188
328
661
167
31
144
389
161
242
166
89
266
441
285
362
637
545
104
25
369
212
1119
1071
145
230
332
288
273
951
570
43
30
175
225
76
58
249
254
94
160
125
64
99
339
202
632
314
330
186
367
654
146
342
240
82
29
348
100
53
40
264
564
1110
203
70
612
72
78
127
61
67
209
823
192
39
190
205
131
742
8
268
110
319
237
61
99
397
530
353
135
553
235
803
187
688
68
301
380
366
516
88
44
104
410
78
103
46
53
82
706
208
178
309
126
213
431
93
401
60
281
483
335
586
191
50
212
227
76
18
146
651
326
907
460
109
464
589
283
221
200
77
496
81
89
290
132
271
84
416
51
91
41
287
178
40
42
98
1111
296
1029
40
226
473
1141
478
547
36
660
206
207
697
9
688
148
139
316
48
41
582
231
537
172
364
169
46
764
69
317
131
444
229
178
97
117
35
199
270
466
403
421
155
184
41
816
131
327
139
213
167
24
503
89
520
132
453
36
45
76
67
335
132
571
17
246
30
77
446
553
336
151
46
450
171
536
13
274
166
99
103
70
550
171
228
340
323
598
1350
445
605
105
184
479
18
350
545
83
98
928
359
130
75
366
378
215
96
618
246
176
102
83
118
38
376
590
288
238
96
9
306
391
138
529
691
283
54
190
60
222
203
44
150
202
171
140
75
476
121
152
618
185
324
405
70
710
1015
267
771
75
102
121
230
95
223
124
44
321
818
74
52
170
64
297
144
247
44
301
144
74
449
316
179
45
1273
564
419
440
711
64
226
197
60
276
257
377
382
277
101
345
121
153
633
136
84
371
259
87
241
754
321
208
440
134
44
23
210
386
203
64
457
522
741
78
176
100
392
60
949
713
52
564
623
74
164
92
477
76
371
882
41
241
78
199
125
412
170
592
414
151
353
559
136
256
151
146
639
733
113
130
162
217
109
249
279
1528
448
287
289
114
184
364
766
532
624
6
39
747
37
9
133
345
80
285
211
165
40
467
268
73
42
271
56
182
346
287
433
116
404
715
140
611
166
269
337
394
103
102
21
402
263
236
84
549
117
32
555
175
114
96
154
225
353
109
101
62
43
289
213
366
490
104
2195
72
378
1803
57
102
119
681
76
257
116
362
158
398
205
481
419
269
102
593
180
701
218
389
65
54
70
91
283
11
598
98
18
867
329
759
98
281
165
193
90
64
277
158
304
112
187
18
231
287
112
114
336
1055
311
277
268
237
311
701
105
55
17
43
498
875
15
258
211
117
216
110
215
75
635
415
76
517
142
388
296
48
93
364
150
89
90
99
80
90
58
38
278
280
428
166
89
241
81
578
156
349
202
219
428
72
83
536
83
537
157
437
151
120
178
240
581
101
128
70
127
154
413
54
500
509
982
185
34
82
543
216
173
315
74
21
283
142
156
48
165
152
128
231
149
788
570
374
79
346
426
241
859
727
605
587
614
383
17
335
517
89
81
192
818
186
71
594
25
63
330
409
50
710
77
312
137
149
742
191
539
129
154
160
406
62
42
328
178
81
185
264
67
134
238
894
154
131
755
81
45
421
602
2046
743
168
16
38
366
79
196
260
542
400
228
420
129
42
314
468
202
293
684
134
524
145
80
677
227
243
292
465
323
56
459
122
159
379
454
57
678
131
98
269
468
198
60
234
68
82
484
336
436
13
115
87
1831
502
31
197
158
109
160
56
81
184
141
291
71
683
206
14
223
55
278
785
120
93
66
176
382
416
153
309
399
348
223
292
282
1355
529
328
83
77
162
721
39
203
47
719
115
269
193
852
374
60
172
644
590
295
116
988
42
34
181
41
816
105
182
122
84
287
145
310
19
103
139
67
59
341
49
135
458
82
206
936
205
60
173
75
868
57
47
107
681
81
660
464
39
81
41
96
245
599
55
232
34
80
753
145
1292
73
301
488
414
1142
292
319
193
467
177
403
153
41
292
203
274
28
146
150
256
429
119
512
618
107
73
71
341
295
1135
306
249
419
290
216
177
69
80
440
336
203
282
32
151
171
204
114
496
122
60
30
42
132
214
208
374
203
636
649
514
113
15
219
256
597
58
116
227
16
63
58
218
566
120
187
68
162
293
552
42
532
127
307
927
42
43
91
153
63
144
90
119
240
147
512
462
1301
75
164
55
331
132
40
166
576
747
545
23
644
320
193
117
1149
386
634
14
56
160
312
25
193
140
519
142
116
333
62
225
26
172
199
243
63
74
184
118
370
87
723
298
352
147
307
776
336
117
274
438
221
84
36
77
240
154
190
78
51
57
109
306
65
47
109
39
179
66
116
777
371
10
91
131
46
906
44
51
89
200
95
135
108
318
184
118
460
80
240
497
241
63
71
377
287
199
37
128
408
28
524
87
448
15
159
330
601
57
79
187
167
649
355
13
213
593
215
1182
180
686
253
170
190
75
318
353
203
134
147
287
199
119
251
84
1038
392
173
114
252
242
257
991
39
384
435
1014
524
381
100
1115
256
209
140
439
117
71
39
131
15
442
739
108
263
116
472
35
348
183
27
743
739
183
140
166
321
122
55
307
446
742
343
382
30
275
92
186
309
386
189
135
142
5
72
55
66
401
850
244
151
77
276
111
405
158
113
106
227
297
86
108
858
60
252
775
564
270
330
141
62
76
254
248
414
312
206
195
520
413
24
125
575
644
211
537
173
203
37
132
126
335
146
757
87
91
63
257
138
641
177
681
178
125
323
294
294
208
256
67
99
69
28
303
99
127
62
282
582
502
457
264
91
409
780
831
640
947
73
164
48
55
31
95
708
836
103
629
196
172
189
210
448
58
27
457
475
638
271
55
137
137
157
26
122
179
32
261
915
335
201
158
385
661
110
390
539
39
465
502
104
215
532
573
203
142
462
468
123
38
133
191
274
189
43
272
269
57
243
68
320
64
33
355
344
745
35
56
185
604
15
34
249
1845
348
70
261
108
504
424
445
17
320
636
258
52
1183
312
186
640
247
484
245
393
226
438
136
217
1354
321
69
429
419
358
116
309
148
202
198
159
67
114
38
500
302
27
138
195
219
353
688
56
41
133
149
188
282
62
331
83
698
166
733
115
113
539
641
579
39
795
277
60
95
629
319
192
737
879
78
345
75
104
235
248
200
843
63
75
292
97
9
345
155
101
181
177
99
681
71
326
183
539
919
