45
47
9
132
18
13
23
15
33
5
29
51
103
79
17
8
34
7
27
4
5
7
29
8
52
110
3
113
7
5
38
50
73
34
15
27
50
18
16
5
38
93
72
26
26
18
39
57
3
20
5
3
6
50
15
47
11
3
8
48
40
74
13
32
28
38
30
6
169
54
31
7
62
103
73
13
40
40
3
14
3
6
17
11
53
9
16
92
15
22
26
16
18
4
9
5
4
28
58
79
12
15
56
38
19
8
8
47
93
16
14
44
24
20
57
53
112
4
7
12
20
11
52
191
58
12
106
115
75
3
11
11
4
128
6
55
100
8
7
90
5
65
73
25
111
23
13
49
134
25
6
6
8
4
84
65
105
18
22
9
9
7
4
21
44
5
13
5
57
15
5
16
4
37
31
16
13
7
20
17
5
16
20
9
6
12
57
30
120
29
4
4
5
39
38
130
67
11
45
4
82
266
72
129
173
13
9
85
13
10
8
52
78
96
44
55
31
8
10
5
6
70
4
41
43
31
21
10
49
40
53
27
5
57
25
8
6
70
125
4
44
28
9
47
14
5
72
47
11
23
13
14
12
66
30
3
5
77
227
22
41
45
3
13
17
26
3
46
11
57
7
3
15
6
71
40
97
26
29
4
97
37
269
21
11
4
22
64
5
10
67
38
5
84
4
7
7
53
6
31
30
3
98
17
40
86
23
7
32
102
19
23
96
12
9
76
9
3
14
11
8
3
13
43
42
11
9
26
85
47
19
9
4
17
13
235
65
109
9
81
55
5
9
107
45
10
53
33
15
69
4
27
13
55
10
14
39
42
10
43
4
111
78
57
105
4
91
44
7
17
39
10
11
22
3
49
36
77
81
24
92
33
23
107
43
10
4
32
59
14
87
14
23
59
6
20
73
6
8
53
86
32
15
71
3
136
4
11
7
114
4
112
5
73
11
9
142
5
15
26
67
23
40
7
6
8
6
13
35
14
43
4
48
5
75
10
5
129
4
5
73
3
39
14
8
92
131
28
115
47
5
57
4
80
3
6
6
3
12
4
3
4
51
6
17
31
146
18
7
45
10
25
10
4
5
3
5
12
28
9
41
29
22
9
8
13
110
3
9
35
6
4
14
45
3
28
7
12
5
36
6
12
44
8
73
3
3
32
116
10
54
18
9
48
32
30
62
23
94
5
28
29
36
11
5
6
6
4
7
119
24
39
7
7
42
4
50
6
10
13
3
9
20
25
21
10
30
113
4
78
82
6
174
64
7
37
10
63
30
19
31
25
6
4
25
48
5
53
7
89
22
37
35
40
13
10
4
14
7
15
5
9
21
119
36
67
68
6
39
13
64
14
38
4
47
39
4
3
13
7
99
4
7
27
112
14
18
42
101
43
3
47
16
37
5
16
5
5
37
11
77
5
108
4
87
84
19
9
10
118
5
10
132
39
127
4
43
6
20
23
3
30
67
42
4
69
84
33
68
16
5
5
72
5
3
26
54
14
4
10
3
156
199
19
28
12
7
8
5
11
30
101
64
36
14
6
31
5
51
51
24
90
41
28
17
39
6
33
2
113
11
82
6
9
10
40
13
124
60
36
4
3
246
46
41
15
49
4
100
108
41
48
45
29
34
101
59
96
14
75
4
4
8
13
65
30
23
14
38
10
15
140
10
24
3
35
42
11
32
5
58
84
40
129
7
52
5
10
14
7
22
42
81
37
53
8
5
4
43
48
5
5
15
53
42
30
25
21
51
111
9
3
3
97
4
17
6
4
117
4
14
21
45
4
49
112
4
60
31
153
8
5
160
19
7
6
67
33
12
30
81
137
52
5
146
5
14
94
20
36
79
32
147
3
111
111
5
15
3
118
14
22
111
17
14
13
5
5
5
24
17
6
18
127
5
29
6
9
12
12
55
106
38
5
8
31
15
66
61
7
5
65
20
38
47
17
3
59
13
66
29
151
19
38
71
5
21
27
11
48
24
8
4
13
41
26
4
32
4
41
114
19
6
33
4
5
9
17
19
88
20
4
5
43
42
7
60
8
15
44
51
10
15
4
61
23
10
185
24
49
16
91
63
72
78
32
3
91
9
14
4
4
63
132
10
15
13
45
18
69
34
4
20
15
10
8
82
60
65
5
5
5
12
42
6
57
38
36
24
32
15
39
34
14
52
28
60
116
7
110
60
51
6
17
112
33
4
15
29
5
48
9
56
61
4
6
5
8
117
72
54
11
12
30
76
4
18
9
3
5
47
10
11
19
4
17
36
5
18
48
6
9
147
7
7
16
8
137
176
11
8
4
88
55
5
7
112
201
4
12
39
9
86
23
3
30
14
31
31
3
48
9
19
9
4
13
26
101
18
34
24
7
20
15
9
61
50
25
3
174
31
127
48
64
6
121
48
16
94
55
55
17
67
8
93
74
15
5
57
8
14
3
37
7
7
22
43
14
8
14
77
157
111
14
35
5
104
150
20
6
165
4
11
19
5
3
14
12
34
7
22
136
13
42
34
47
9
4
21
14
6
13
14
16
68
42
10
20
8
103
7
11
3
69
22
13
5
111
71
92
4
74
7
4
36
8
37
7
79
9
62
23
16
5
22
31
12
10
7
7
3
22
41
25
4
17
30
33
57
18
26
4
115
7
7
80
25
4
29
34
6
6
5
7
15
29
18
20
5
79
32
3
52
31
72
23
19
38
67
4
103
8
7
9
18
7
3
86
46
30
130
13
49
9
65
6
37
44
99
15
20
61
45
13
8
12
10
19
18
16
91
23
89
98
17
6
36
14
113
44
3
59
4
28
97
112
39
138
13
6
10
10
5
9
5
100
16
7
35
12
4
38
26
40
3
6
108
65
19
22
24
27
70
8
20
5
20
24
46
3
34
5
74
50
50
13
4
5
58
55
6
30
15
4
5
10
18
8
4
4
4
15
30
3
16
63
59
70
32
94
5
23
10
9
14
44
9
16
23
50
49
21
69
17
5
89
4
3
5
43
167
4
7
66
55
7
170
29
181
3
13
4
141
53
5
10
4
17
51
31
34
43
6
17
21
78
12
7
5
8
74
5
7
160
6
110
29
30
3
26
7
22
62
6
9
3
4
35
8
17
5
6
4
156
10
37
112
14
5
57
35
28
35
7
19
10
15
48
9
3
28
12
136
14
4
3
28
52
72
3
44
4
28
9
3
93
17
11
9
59
5
63
31
73
19
65
26
9
65
65
26
85
12
18
15
3
4
4
172
7
3
9
4
65
5
4
5
14
147
74
116
3
5
114
5
22
8
32
51
146
19
3
10
7
14
4
14
34
8
111
114
70
53
7
4
216
26
3
30
7
11
10
10
8
25
10
4
93
29
108
6
8
58
5
39
4
83
6
84
11
9
3
4
57
113
12
5
121
4
9
5
11
23
10
39
92
14
19
95
10
18
22
72
3
62
42
11
36
14
41
26
137
3
6
12
12
38
5
19
11
7
15
10
15
6
6
49
9
23
41
8
6
30
30
33
4
5
18
3
49
25
22
23
10
86
22
54
7
15
5
40
18
96
4
12
39
3
141
162
42
14
18
3
4
5
12
54
97
113
61
52
4
52
33
159
20
21
23
31
45
13
21
4
37
12
46
16
5
11
35
22
19
4
8
40
3
7
5
60
16
33
38
5
81
4
37
19
49
15
4
16
34
6
91
5
5
7
73
26
5
86
8
31
30
110
32
105
4
10
15
4
43
40
62
40
37
6
62
8
15
5
83
5
7
28
60
4
38
25
5
5
33
71
8
26
12
89
5
92
45
35
68
47
143
90
59
4
22
33
128
142
7
48
7
6
5
62
7
99
34
4
35
20
5
9
3
24
61
122
25
4
3
75
9
15
131
55
7
4
24
4
10
6
42
12
21
110
10
51
12
10
14
119
129
3
3
7
5
19
66
107
39
5
4
3
34
15
4
128
5
20
7
50
5
52
38
36
7
21
38
43
29
126
8
4
132
9
7
5
104
143
34
139
12
24
30
28
20
3
6
6
23
87
92
59
5
36
75
137
19
71
17
5
109
81
5
2
5
12
4
54
17
14
31
26
47
49
40
32
43
20
6
5
8
5
37
29
32
35
49
14
24
22
4
6
10
19
70
37
10
7
29
75
3
19
13
3
25
51
6
22
10
60
15
4
11
17
124
13
76
4
12
52
145
12
35
13
7
29
24
3
8
4
20
3
4
8
8
13
21
6
3
54
5
111
4
7
4
26
37
11
22
8
84
4
55
39
112
161
73
71
122
12
9
18
31
36
13
7
15
132
53
66
7
112
3
15
46
3
36
4
4
28
13
3
7
6
81
12
8
112
17
3
49
5
65
84
40
17
9
3
4
3
46
43
10
38
17
103
63
14
5
41
5
5
16
42
15
40
116
7
4
60
12
5
152
4
42
101
10
10
30
28
8
4
111
34
24
46
9
4
15
15
11
26
6
111
7
7
8
3
3
25
13
13
53
4
30
60
17
136
10
66
54
12
5
11
186
36
16
13
110
12
9
3
14
27
34
5
4
11
32
4
14
27
7
5
5
78
151
7
20
23
135
5
31
15
9
116
61
95
26
10
7
9
31
31
4
18
5
101
73
20
62
4
23
9
4
8
6
112
7
38
7
4
5
43
20
22
10
4
6
31
10
34
3
84
9
17
94
36
4
3
4
26
4
10
6
87
44
281
20
27
27
28
113
24
20
17
78
23
3
84
35
121
41
6
26
4
6
3
7
33
20
86
65
120
3
3
60
30
90
8
87
31
5
3
3
44
5
39
11
16
15
48
58
9
24
7
51
15
5
52
50
33
27
22
26
11
109
68
5
47
44
113
12
3
42
121
13
18
26
5
10
5
7
4
159
4
37
18
27
4
8
3
32
10
57
16
5
32
49
27
4
3
17
4
12
5
14
10
62
8
60
66
15
47
61
6
55
45
5
18
48
123
5
13
5
5
128
3
59
17
6
96
3
32
4
87
33
32
5
10
6
3
11
51
46
14
4
12
46
23
45
5
12
25
7
42
10
13
11
210
7
3
53
8
25
84
9
9
50
119
51
85
87
23
20
8
83
15
83
11
5
8
58
5
50
7
13
5
5
48
4
4
114
113
16
13
208
62
10
54
5
6
7
19
8
89
30
35
16
22
76
73
6
62
33
21
74
6
8
5
46
13
71
13
87
4
3
4
11
3
13
4
35
45
14
38
5
10
115
5
7
3
100
13
7
109
15
57
5
107
104
6
18
31
3
66
36
49
28
13
7
138
25
8
25
9
34
154
17
64
5
7
53
49
116
54
13
7
16
5
25
17
6
14
3
87
53
54
5
51
89
128
8
6
48
379
102
157
55
5
113
20
13
84
7
35
41
8
8
80
113
102
107
36
5
23
143
4
17
36
47
156
10
64
14
35
12
76
53
21
111
8
10
19
18
143
8
13
61
75
7
14
5
122
26
5
14
37
111
98
8
4
6
36
4
65
4
15
149
190
11
45
12
27
100
5
7
83
31
10
66
112
37
12
7
37
77
114
8
5
41
17
14
16
5
108
72
8
11
13
3
11
4
28
76
5
123
5
34
33
15
13
6
60
4
115
42
3
5
18
11
20
17
29
60
67
5
168
8
108
6
49
26
57
55
20
32
69
31
5
15
68
33
6
11
13
147
3
135
20
7
78
19
7
17
20
22
128
4
5
54
9
9
82
26
4
6
9
66
27
14
16
155
101
25
135
40
54
6
5
70
21
5
28
54
78
79
48
4
22
4
111
5
10
23
55
8
83
11
4
131
26
34
33
53
6
4
20
52
3
3
5
14
77
135
98
26
84
26
96
20
113
115
5
33
10
18
6
112
21
6
4
13
39
29
19
6
3
5
5
7
23
3
17
14
50
8
33
20
6
5
22
45
10
76
7
6
41
48
3
73
12
3
14
7
15
117
11
4
30
33
15
7
5
79
44
6
18
49
99
16
22
33
34
35
113
5
3
59
7
7
64
29
23
25
36
4
73
44
14
57
11
13
24
62
146
103
69
5
4
19
6
7
56
137
11
54
64
16
38
31
5
3
19
3
4
5
107
17
40
12
6
80
40
3
6
14
12
139
68
7
32
111
53
79
65
69
8
8
5
42
56
77
45
129
10
11
54
31
6
14
24
38
122
13
72
14
55
5
37
58
46
5
20
78
112
142
6
4
14
7
43
146
13
31
13
27
15
16
17
13
105
7
5
6
63
18
7
7
50
136
20
142
128
36
68
3
91
8
104
42
125
14
38
5
51
26
46
16
67
76
101
6
6
8
35
132
8
7
128
59
47
70
14
15
8
6
14
5
21
35
5
30
38
4
44
5
16
44
5
7
28
100
3
5
4
5
62
5
8
11
31
76
4
33
71
140
6
6
6
7
89
45
4
16
42
7
112
43
23
10
112
15
12
28
13
7
59
7
13
35
13
13
31
56
13
10
17
68
109
4
54
6
116
34
55
19
28
49
4
57
9
35
8
48
68
5
12
6
28
6
40
5
9
13
65
15
6
4
4
10
35
6
7
102
47
168
29
20
4
46
17
31
38
15
32
42
44
24
112
4
12
24
50
46
20
5
91
20
9
4
69
3
10
42
50
23
62
23
11
198
31
8
42
20
7
11
3
41
69
5
21
5
7
5
31
3
137
57
33
46
6
117
9
76
11
65
14
34
31
4
119
17
7
118
42
36
4
20
41
63
4
4
7
25
57
31
118
10
26
4
47
130
16
26
37
8
120
16
47
45
53
4
149
4
21
12
65
17
47
15
7
47
5
14
82
64
5
30
27
4
4
46
14
14
49
43
47
16
34
63
3
25
64
101
12
9
8
8
7
22
116
25
4
23
8
5
10
4
3
59
4
14
116
67
6
8
21
8
109
36
10
16
4
112
22
72
12
43
6
150
14
12
15
34
8
15
3
18
103
18
11
12
7
110
85
10
13
8
9
60
113
8
72
8
21
4
46
28
118
34
7
32
7
7
45
51
5
4
7
9
3
111
6
10
5
8
131
83
11
67
10
23
3
56
6
115
14
81
44
176
4
22
27
7
7
12
46
4
5
27
70
3
5
6
45
30
34
3
22
54
35
89
31
3
6
25
76
13
9
53
8
11
7
58
205
5
10
16
156
20
13
8
22
10
25
15
36
7
3
8
25
3
46
6
7
28
41
8
25
69
105
28
3
84
29
111
58
27
54
78
32
58
43
13
47
19
33
15
8
3
59
9
6
24
10
29
39
13
14
8
12
18
136
10
3
9
53
17
44
163
3
9
20
7
21
11
13
57
7
57
3
27
15
28
56
14
18
4
16
62
11
34
5
11
33
48
3
7
15
4
43
70
3
14
60
3
21
7
6
38
10
16
51
5
28
26
29
119
17
3
21
9
42
44
84
45
17
4
68
27
114
6
4
9
31
51
3
153
10
5
57
5
21
12
43
50
4
18
5
5
28
5
14
26
19
67
4
4
119
16
22
10
4
16
3
9
34
24
55
32
121
59
102
6
110
7
54
7
37
108
19
38
3
84
5
10
6
94
46
5
125
5
172
27
76
9
30
33
8
13
50
65
28
79
11
7
12
6
5
64
21
92
5
9
80
6
50
3
6
14
10
49
31
7
121
5
61
43
41
5
14
35
112
5
4
16
18
46
50
7
36
10
8
3
9
109
4
40
5
4
8
5
32
30
14
4
5
16
42
50
113
33
15
7
6
5
37
67
6
6
7
4
58
18
7
6
15
41
102
4
6
4
4
28
93
43
60
7
18
138
5
17
80
101
6
4
41
33
119
13
9
26
10
8
3
55
57
32
36
21
14
34
4
42
17
12
23
92
4
138
4
6
45
84
26
20
17
5
77
5
7
38
8
13
35
4
18
51
26
121
53
125
158
4
8
46
3
111
41
13
18
17
4
45
51
128
52
11
12
43
29
42
62
8
13
18
4
4
66
7
72
15
13
65
98
4
7
4
6
20
21
8
4
21
112
7
16
22
44
6
28
6
4
5
25
7
11
7
10
8
77
114
12
48
120
11
6
12
11
10
4
4
2
67
55
5
47
20
14
48
13
87
26
43
85
50
78
47
15
4
17
3
12
5
44
47
39
51
17
111
20
7
21
5
115
42
4
27
32
49
3
20
51
7
3
4
9
22
15
6
31
49
19
38
6
6
56
3
70
20
21
28
15
50
40
40
14
10
6
92
5
37
73
12
24
58
4
32
11
24
12
14
13
25
22
4
16
33
54
37
58
63
44
102
46
28
71
8
46
43
26
20
6
30
23
16
6
94
3
5
9
12
29
11
60
27
10
109
5
9
107
3
7
8
12
110
7
23
4
21
35
4
4
3
51
21
5
23
9
8
21
20
4
28
43
4
73
5
9
150
41
18
44
34
10
119
5
5
8
3
133
29
42
52
22
9
3
5
4
8
37
3
104
76
15
5
46
54
21
18
21
16
11
56
42
29
64
3
5
64
4
43
128
18
63
30
36
37
4
68
15
6
17
54
123
188
47
73
6
11
17
53
3
210
134
34
3
3
21
184
19
22
5
4
9
10
26
18
50
5
86
4
112
10
111
15
7
24
5
8
5
51
63
17
51
6
16
13
8
14
5
5
54
130
29
59
12
62
13
27
32
16
54
4
4
9
257
4
109
10
112
45
5
32
50
5
90
40
66
9
79
31
4
63
36
111
28
9
45
3
5
7
18
4
24
39
22
56
24
49
49
76
18
11
43
33
105
62
31
4
26
6
122
111
15
150
11
47
4
31
4
7
55
8
14
8
20
83
18
51
30
65
57
19
3
19
9
5
52
30
13
47
4
65
36
5
20
14
91
58
8
111
16
34
9
3
32
26
7
29
37
4
36
126
17
46
83
21
22
4
55
96
15
14
21
11
14
61
14
4
50
64
22
6
26
26
5
7
7
5
42
17
3
79
14
21
9
12
5
8
64
27
4
122
26
38
3
12
19
103
121
16
3
8
102
134
6
29
118
50
33
16
49
5
7
30
12
69
20
5
43
43
12
19
12
9
7
6
39
27
5
5
3
4
9
5
4
7
71
5
30
19
156
7
25
12
8
15
4
28
28
12
10
17
31
85
54
75
11
24
6
18
3
17
7
46
36
8
14
27
4
30
33
67
52
130
24
6
16
32
7
8
106
52
15
70
44
61
34
17
11
97
137
4
69
18
49
8
5
74
34
30
116
21
16
47
5
8
69
34
25
109
67
25
50
29
5
57
29
44
23
31
64
62
9
12
28
11
29
11
70
31
17
8
4
20
11
67
47
118
51
25
36
34
48
6
31
4
47
54
4
44
6
40
6
83
64
49
6
34
39
6
12
10
5
4
6
5
4
67
132
72
14
5
79
32
4
13
96
64
41
19
15
26
12
14
22
80
5
4
20
15
71
14
4
95
4
18
178
3
45
22
3
5
47
5
14
4
115
5
67
8
11
8
139
17
16
98
4
20
9
3
3
132
6
47
5
15
4
28
28
4
5
20
33
63
4
14
106
74
23
61
12
11
6
14
67
30
15
6
13
6
9
6
7
16
78
3
23
147
17
9
21
113
8
160
56
174
26
13
67
118
136
5
13
15
3
37
45
3
35
92
72
4
5
45
6
9
12
4
72
4
12
17
135
113
138
3
4
24
20
71
6
37
6
45
9
3
17
47
141
28
12
19
7
30
25
35
93
45
4
13
4
37
14
116
150
24
5
3
79
12
18
23
35
9
156
10
22
6
29
69
12
81
5
4
14
4
28
4
50
9
4
8
30
6
10
10
23
34
36
132
45
36
43
6
31
89
15
15
39
27
8
9
41
17
29
80
86
141
116
63
8
25
108
12
5
7
7
33
16
19
26
29
52
12
46
40
5
5
14
15
4
3
25
96
53
4
3
41
5
4
29
34
122
29
179
7
9
55
23
7
9
4
122
13
84
4
27
7
40
16
12
122
5
13
28
26
54
6
16
19
28
8
108
6
147
14
99
7
3
5
11
6
37
6
3
78
20
129
114
10
4
25
43
4
5
5
38
5
14
109
4
40
79
13
3
12
13
153
85
19
15
33
4
20
37
13
22
6
8
7
41
4
10
103
24
14
4
143
30
42
4
22
7
27
4
3
57
62
26
14
3
29
20
4
39
11
23
35
7
18
92
3
31
64
150
31
47
85
120
33
5
5
228
24
18
60
13
9
8
15
6
6
7
82
18
121
6
49
8
65
8
6
4
77
5
7
6
52
11
27
3
110
51
281
4
5
34
6
80
24
5
21
48
18
30
95
5
92
15
26
29
48
50
9
28
121
4
5
37
8
3
27
4
4
63
3
64
7
74
24
93
46
53
248
10
96
9
51
47
7
3
84
48
107
47
3
7
16
23
8
6
87
10
9
93
46
114
63
5
19
4
20
10
19
136
21
7
57
10
4
111
8
22
34
52
6
21
7
39
82
51
138
8
33
38
9
35
159
8
6
3
89
78
89
8
67
3
34
4
16
5
8
3
3
76
42
91
63
5
45
19
81
34
28
64
57
112
49
85
22
7
3
15
10
41
42
3
21
4
8
2
11
6
4
106
16
5
58
16
52
4
4
2
18
8
5
6
5
69
43
90
4
9
56
21
6
28
7
9
67
14
27
45
44
55
38
32
23
34
126
49
48
4
7
7
41
47
18
3
7
99
101
25
52
27
78
31
53
80
4
37
8
33
28
5
6
20
3
67
44
7
25
12
42
32
12
6
36
64
13
108
19
7
20
3
19
3
44
4
6
69
5
35
41
6
6
3
22
3
5
41
7
30
56
27
139
94
13
5
25
31
84
9
9
45
20
79
84
228
42
22
50
19
6
3
4
8
26
127
48
26
6
5
30
9
85
13
11
115
6
13
4
57
40
8
10
39
7
60
84
7
7
5
40
4
37
33
47
4
25
58
13
12
52
16
20
6
56
6
64
16
133
39
8
6
7
4
50
51
9
56
75
3
5
37
13
3
57
74
96
3
50
121
10
23
57
18
6
5
47
32
4
44
20
29
4
3
16
30
19
8
4
10
33
39
4
95
16
11
57
50
3
39
7
3
96
57
55
4
29
30
3
71
6
9
50
6
167
48
6
111
34
28
10
8
4
3
127
4
7
6
115
143
108
3
23
72
113
3
49
127
55
4
7
155
41
44
7
5
11
3
209
116
66
22
56
4
9
17
19
63
14
3
58
78
14
26
22
4
29
21
14
20
17
8
8
86
3
57
5
6
5
5
3
6
8
42
56
16
35
51
40
4
11
18
14
8
9
57
7
30
14
126
37
4
4
8
54
24
4
52
10
51
15
29
66
28
25
4
4
8
5
7
6
47
27
11
7
66
38
67
4
4
163
5
118
115
134
32
31
6
4
45
135
62
86
66
3
4
86
118
53
3
7
3
61
29
44
3
15
6
175
2
8
9
3
5
8
8
5
14
39
11
26
41
14
56
4
4
7
4
5
31
4
48
24
3
5
55
4
13
69
48
62
23
13
3
5
5
29
7
16
26
3
50
99
16
72
10
22
26
17
10
5
3
19
11
123
103
7
4
18
43
50
112
37
3
63
35
15
30
88
9
71
8
29
86
94
113
23
29
22
66
62
4
13
53
23
101
9
4
40
49
19
26
22
9
47
59
118
11
7
28
89
66
18
53
32
4
22
7
89
9
8
89
146
96
4
91
119
72
68
6
5
22
32
5
19
4
5
38
6
20
27
18
32
5
18
41
18
4
5
78
42
15
11
96
39
3
8
18
9
4
97
37
46
5
38
31
39
11
3
72
69
19
6
38
72
21
94
34
16
28
122
67
52
14
30
114
29
47
12
5
64
83
55
4
30
7
8
12
8
9
57
4
5
87
20
7
5
9
68
78
13
21
48
11
49
12
3
20
6
127
8
2
15
16
47
120
26
9
5
66
31
189
169
3
21
59
18
7
22
28
5
6
4
10
48
6
72
48
4
31
121
4
3
8
46
23
128
6
19
9
89
8
9
7
57
8
33
6
4
74
112
7
13
42
7
5
23
8
28
7
41
18
31
17
13
37
17
6
7
55
3
12
6
52
5
34
76
39
188
9
69
60
18
70
3
43
11
35
66
5
49
64
75
15
3
4
8
49
84
27
113
91
10
12
88
154
8
32
16
117
10
10
33
15
8
26
18
69
6
7
88
5
21
25
39
17
28
3
3
18
80
4
4
37
5
8
21
50
68
13
23
9
49
99
4
102
3
12
31
39
123
44
198
149
86
106
13
73
6
7
24
7
47
4
3
6
77
49
51
5
8
110
3
6
52
61
44
119
7
68
3
8
15
5
24
7
7
77
22
79
14
24
10
5
94
26
29
29
3
11
94
9
167
124
29
109
39
6
38
112
19
46
193
6
115
5
14
42
7
44
24
168
59
105
72
5
31
122
115
35
36
12
39
63
22
19
5
31
5
49
61
7
100
7
143
4
13
18
3
41
14
62
11
4
6
7
37
11
15
17
77
6
95
18
3
35
6
6
5
6
10
22
50
11
22
23
45
10
100
4
5
46
6
105
38
23
8
12
114
22
69
4
55
65
25
23
7
61
69
30
17
7
31
14
16
10
3
137
18
12
8
227
28
9
7
113
9
14
4
17
40
11
76
91
45
12
60
3
46
36
7
7
50
92
11
21
110
49
24
30
115
4
30
69
60
8
81
8
110
36
6
6
13
13
107
20
52
10
70
4
146
16
4
7
31
25
44
6
9
9
17
28
66
28
69
4
32
41
29
70
29
22
7
9
70
52
3
6
11
3
34
60
60
9
10
3
47
94
19
10
128
45
19
65
30
27
5
6
44
3
21
19
188
5
16
25
93
5
49
127
9
30
63
3
31
3
6
32
45
29
12
45
50
151
29
4
85
48
10
71
4
15
81
30
26
114
13
26
8
4
17
34
3
56
39
7
5
24
29
4
3
3
177
3
63
191
8
31
16
13
8
3
51
3
27
43
8
72
43
9
14
63
16
61
139
24
8
14
8
82
22
8
16
44
54
111
29
10
27
38
28
5
124
63
26
30
17
58
39
68
123
30
145
120
10
19
47
14
30
17
3
10
82
6
4
60
77
53
4
30
7
6
16
110
8
8
61
3
10
22
85
18
54
47
46
19
33
5
73
80
8
6
5
81
4
19
17
4
39
4
15
3
138
17
17
16
28
2
50
105
86
13
89
34
13
12
11
34
107
35
10
5
3
60
51
4
58
74
68
18
31
49
6
12
8
5
4
65
13
5
17
5
23
10
49
7
17
72
3
2
3
49
7
17
241
21
33
103
4
98
26
5
12
111
10
40
74
3
17
4
50
19
9
5
26
7
10
10
59
15
66
28
8
42
25
12
36
19
20
104
30
4
31
85
83
72
3
3
8
5
36
37
5
29
13
16
57
93
177
20
4
6
61
27
69
8
68
7
56
11
42
58
37
4
75
22
10
27
3
24
28
3
171
8
52
3
156
48
10
48
16
28
5
15
5
4
5
7
29
25
7
39
10
49
24
3
23
6
113
200
16
4
114
48
3
18
30
3
67
51
8
23
5
45
12
72
14
5
34
6
7
10
47
6
51
5
15
146
4
14
27
37
26
26
126
24
48
5
15
5
52
32
47
60
13
6
5
34
43
30
10
72
81
15
54
31
6
19
5
8
32
5
92
17
46
10
6
60
29
24
6
73
42
81
170
9
6
19
80
47
38
7
63
33
38
5
76
14
28
52
5
16
42
13
19
17
42
6
15
5
19
3
6
24
41
4
26
40
23
83
44
19
42
111
79
5
61
5
21
5
4
103
39
17
6
37
3
5
11
54
26
137
5
20
112
4
30
15
38
24
12
8
11
19
14
30
85
25
58
5
18
68
19
22
16
5
4
3
32
89
62
112
7
5
8
16
17
243
13
120
42
34
12
3
32
3
43
4
3
175
22
23
44
4
33
10
113
11
18
113
21
5
9
16
5
5
26
5
12
63
145
3
10
78
19
30
37
24
9
3
94
7
10
4
3
8
79
102
80
53
5
9
13
24
4
85
4
3
31
3
10
5
87
3
4
93
27
68
10
28
12
4
122
5
3
4
6
71
8
66
121
6
28
14
7
84
5
27
44
3
58
5
17
85
44
5
17
15
8
2
75
16
6
67
48
19
3
4
5
9
81
61
19
18
3
4
19
74
72
114
14
14
26
7
4
7
42
5
4
22
27
7
7
11
26
6
47
69
9
44
61
31
5
63
30
3
21
30
6
50
10
31
4
21
4
72
7
17
7
15
88
4
55
52
6
95
39
14
9
155
20
10
76
28
8
29
23
7
35
4
73
108
6
43
27
45
82
6
58
85
35
75
110
87
15
7
7
26
110
8
3
42
7
15
12
5
3
3
4
30
26
26
40
7
5
75
4
29
112
3
11
38
25
10
19
14
21
6
6
4
141
77
8
18
98
162
14
11
14
103
6
5
13
7
18
6
46
5
24
8
3
79
36
5
5
4
8
58
191
6
5
18
9
116
97
9
9
56
6
103
3
51
5
22
75
41
61
9
32
55
4
58
7
41
51
52
44
3
25
8
3
39
44
7
10
39
25
87
130
24
17
18
30
70
18
13
3
3
124
55
13
5
134
6
9
4
7
19
68
43
17
5
21
5
18
26
33
11
5
47
23
37
31
33
18
13
41
3
66
8
5
33
56
4
4
41
6
8
32
43
34
3
5
80
7
85
7
23
99
30
24
8
16
7
4
8
5
138
81
107
120
5
25
23
3
4
57
41
6
30
82
21
16
19
27
34
9
4
52
15
5
10
25
60
15
59
3
7
45
63
49
4
4
13
72
43
19
3
29
10
6
12
8
4
24
40
10
61
34
100
86
68
23
11
5
26
46
3
9
14
8
26
23
4
50
4
46
65
66
16
54
10
44
12
11
24
112
35
9
8
53
19
111
47
21
15
29
27
12
9
19
7
107
7
45
4
5
51
68
99
5
6
37
9
14
26
30
34
8
8
6
11
123
75
15
26
75
26
24
9
28
63
70
85
64
7
7
104
182
92
50
4
29
9
7
4
12
8
12
35
4
3
4
31
147
6
5
8
6
7
21
48
39
15
29
38
4
13
56
52
11
89
53
5
19
7
16
110
54
6
34
10
111
60
29
7
19
61
21
16
13
8
25
7
4
169
31
8
7
21
136
51
12
42
8
29
20
10
3
54
27
45
69
52
10
56
10
6
10
54
4
5
5
20
9
14
108
5
115
43
10
8
16
5
37
8
12
60
61
6
104
6
31
45
8
5
50
22
7
9
6
4
52
71
36
44
58
12
117
12
7
40
43
4
58
19
44
14
74
16
19
37
46
24
90
104
3
89
11
42
85
38
19
49
56
9
30
37
60
50
46
20
53
3
3
91
4
24
42
6
5
82
8
110
16
5
15
95
6
13
93
19
4
31
4
6
9
55
21
11
46
4
18
23
7
25
4
9
11
92
102
6
40
11
17
79
46
142
33
90
57
10
58
12
91
4
9
25
5
9
12
7
42
19
29
22
4
57
39
3
4
73
30
43
7
102
74
18
4
28
48
49
73
56
10
24
12
7
14
119
15
62
17
53
12
5
67
18
39
8
21
91
12
109
37
5
38
7
3
54
16
36
100
58
14
40
40
30
22
12
18
6
16
6
80
8
10
92
32
80
6
8
4
76
47
24
60
8
14
66
16
4
49
14
5
6
10
19
33
108
6
31
12
4
31
4
14
39
22
4
53
57
4
24
6
67
6
22
32
15
9
119
126
55
17
13
26
130
5
30
4
10
6
7
7
15
72
5
19
31
16
13
39
19
76
10
23
12
37
39
15
4
44
48
10
59
52
6
3
3
35
9
83
12
3
7
4
3
44
19
164
55
58
4
4
10
60
37
3
19
28
47
29
29
29
18
30
52
42
47
38
25
149
5
33
36
43
67
67
106
57
8
9
37
9
129
10
6
18
65
7
38
19
3
32
14
4
22
31
6
31
33
49
8
55
30
59
88
17
4
51
6
3
5
4
14
72
26
32
10
56
30
126
22
5
72
32
12
56
14
60
33
5
55
50
10
8
16
14
110
63
28
38
40
8
93
7
4
4
32
4
11
27
5
6
45
19
5
12
2
7
29
51
40
39
6
24
10
5
78
31
4
40
48
68
7
3
23
29
13
19
4
16
7
4
26
113
7
31
4
49
5
48
3
120
78
7
19
40
75
43
33
4
20
8
121
9
37
25
3
11
228
36
12
20
13
12
28
54
280
28
4
4
55
8
4
3
60
4
55
110
77
39
8
75
5
139
4
37
24
88
4
19
61
3
17
46
50
122
30
6
11
3
6
4
16
9
15
6
8
16
56
9
7
68
70
14
4
5
36
10
17
29
13
37
4
13
8
6
10
6
12
50
42
4
14
19
37
39
8
24
77
19
32
23
10
19
19
111
112
50
23
17
20
7
35
5
25
8
73
12
20
92
27
22
85
4
5
22
4
18
6
8
20
44
82
156
4
211
4
16
29
6
93
6
11
56
6
6
76
19
65
22
6
24
20
23
56
37
8
23
116
43
9
26
30
7
30
3
30
100
13
3
4
52
4
20
55
52
8
9
29
111
6
16
3
4
4
5
10
7
5
32
8
24
21
11
61
6
17
68
41
5
29
18
36
4
57
9
13
28
32
30
15
28
45
102
36
37
8
3
21
110
9
8
3
23
5
117
13
20
43
51
19
9
50
17
8
6
87
52
59
3
11
128
127
8
123
4
9
13
204
4
17
46
7
27
5
5
10
134
5
56
4
44
45
96
17
3
44
50
5
22
3
10
108
153
21
7
11
12
44
11
69
29
12
77
49
15
74
24
59
36
30
4
6
80
6
6
7
3
13
22
9
41
107
31
72
29
10
75
30
14
4
29
50
5
6
42
12
21
18
5
63
4
52
31
16
82
4
35
6
9
30
95
124
32
6
61
11
7
6
172
82
11
30
40
113
14
11
44
7
7
17
121
10
49
12
12
148
18
25
19
6
13
5
8
38
74
42
66
12
8
7
20
16
20
8
20
23
6
4
42
26
4
142
113
4
33
10
42
80
131
46
4
11
79
9
80
30
114
6
6
38
17
5
15
23
76
70
86
100
35
139
63
14
109
10
74
55
3
95
6
7
7
17
7
70
19
40
3
4
3
14
27
15
15
61
64
5
61
5
66
146
14
5
4
47
68
19
8
26
15
6
10
112
30
7
111
141
12
111
79
10
4
60
57
20
10
4
39
48
16
10
50
56
32
11
11
84
65
8
31
24
6
3
18
5
43
216
31
30
17
19
48
7
64
12
10
10
131
13
15
36
5
7
66
20
115
5
6
113
39
4
18
10
4
27
17
7
166
10
57
4
6
4
3
16
39
116
3
33
6
24
51
72
27
23
7
4
47
91
6
32
7
10
5
11
48
6
70
19
13
11
30
76
6
13
89
60
22
32
9
12
14
50
5
24
22
12
4
5
16
5
87
4
21
10
3
14
62
3
112
10
11
33
27
57
105
30
4
14
4
108
36
3
31
4
69
5
8
30
18
7
27
129
3
75
17
45
31
154
53
8
12
21
13
11
12
28
56
38
45
43
11
43
43
45
40
15
45
70
8
34
20
14
45
14
17
19
59
16
50
4
31
117
52
52
36
10
35
33
6
4
45
99
99
74
47
22
9
84
103
26
24
119
5
6
12
38
31
5
49
81
156
31
75
6
33
3
17
25
92
46
22
58
7
30
148
10
4
29
42
95
54
33
15
12
40
8
21
3
4
50
66
24
104
17
3
4
6
39
8
19
11
21
35
15
4
6
5
112
6
5
114
11
9
117
25
5
25
54
96
12
6
64
46
49
64
4
45
22
34
48
20
7
33
6
7
7
12
124
5
6
56
3
9
25
58
60
7
5
13
38
27
9
50
45
6
6
26
7
127
90
16
41
11
72
4
30
4
6
132
20
22
5
71
299
49
5
6
17
14
21
4
75
62
4
31
35
7
52
49
7
27
24
4
4
18
33
69
54
3
48
52
34
6
10
9
45
81
21
72
8
36
3
4
4
125
48
48
4
62
67
21
81
65
55
12
4
34
10
60
14
7
61
22
48
45
10
7
19
27
40
16
24
116
43
5
111
68
26
17
32
141
9
6
56
6
101
54
4
4
124
20
17
53
108
16
118
12
4
6
17
24
71
28
37
86
35
19
6
27
51
15
56
155
5
6
44
16
9
4
101
4
65
29
112
4
59
15
13
37
5
29
16
12
14
6
4
51
132
14
53
7
54
50
94
16
5
99
27
17
29
4
59
12
4
27
35
5
9
15
49
12
6
5
44
9
7
40
12
7
7
23
49
114
3
5
28
64
24
68
31
56
45
3
32
42
6
6
12
78
70
108
7
80
184
90
45
10
52
24
4
4
5
3
6
69
29
83
56
5
76
13
66
42
158
16
6
36
36
3
10
7
4
85
62
43
18
11
72
90
18
24
69
34
4
17
4
106
31
39
12
47
50
22
51
31
5
4
6
43
90
3
12
7
19
4
80
7
68
3
128
117
6
84
17
26
34
52
69
17
5
5
73
3
12
19
5
6
58
8
3
10
8
26
29
15
7
8
44
5
3
23
30
41
32
79
4
4
70
4
37
45
8
7
8
6
4
25
5
63
27
6
29
45
14
7
16
30
18
6
27
5
4
55
74
5
12
48
116
13
5
13
4
16
37
22
37
15
8
81
91
22
3
16
21
33
30
4
32
4
94
16
37
66
27
168
20
40
3
14
14
125
87
5
45
14
28
8
19
89
64
22
160
5
4
69
5
98
10
7
51
6
78
3
114
7
88
20
37
42
26
5
10
103
36
74
7
139
64
45
15
36
112
39
13
49
64
5
4
41
130
4
137
30
11
20
42
4
6
13
7
148
4
18
17
35
4
15
3
9
5
6
5
55
3
57
17
53
19
37
3
5
14
69
11
54
28
11
112
58
9
74
5
4
49
30
80
20
82
185
54
9
28
66
7
12
28
43
6
6
10
152
76
3
10
126
91
14
5
38
9
13
59
4
31
6
6
30
91
18
10
3
12
18
10
38
4
42
7
40
7
21
19
4
58
5
6
7
5
29
198
166
30
19
34
19
93
58
23
20
71
67
3
3
70
14
79
111
13
15
31
34
128
6
8
20
40
26
7
36
14
27
95
2
19
29
5
161
46
65
42
42
28
3
112
4
11
56
4
41
33
49
14
40
7
45
7
96
40
30
112
42
3
4
47
23
54
31
73
18
8
14
8
8
4
101
7
4
28
42
20
17
5
29
48
43
7
8
7
12
18
53
21
38
5
6
108
12
10
6
9
21
79
61
10
19
66
20
12
8
148
37
10
4
69
50
48
5
4
7
11
17
28
116
78
3
8
70
13
5
23
4
52
17
179
48
14
7
5
141
19
113
35
55
52
18
19
36
44
23
8
39
26
20
22
23
7
20
14
57
9
4
16
85
4
11
36
20
5
5
5
14
5
91
156
11
3
9
10
5
12
58
8
21
4
30
18
39
3
3
3
9
3
71
6
14
20
26
8
8
21
98
4
12
34
54
31
4
7
4
52
26
11
111
10
26
9
23
49
34
32
47
32
4
55
4
88
38
59
15
70
21
81
41
3
21
5
4
5
34
8
4
59
206
64
6
32
6
8
20
77
53
5
76
47
4
50
8
48
121
55
46
65
10
46
7
41
122
52
36
28
33
13
5
5
12
174
13
5
51
12
62
11
7
135
57
4
15
5
5
23
73
15
57
7
132
44
4
14
5
74
5
5
10
132
5
15
67
26
86
4
56
5
56
9
6
39
3
4
42
6
22
74
25
4
30
49
3
22
12
80
3
82
4
14
35
8
31
11
53
4
49
8
5
8
12
3
4
16
112
7
29
3
150
111
74
4
18
35
111
28
17
8
75
31
24
37
6
33
7
8
20
20
80
67
42
13
89
7
27
6
15
8
4
29
9
21
163
8
49
9
51
7
4
22
33
57
12
37
5
3
23
4
71
5
59
11
138
40
12
7
40
116
15
5
7
14
32
4
99
21
32
50
18
13
6
3
4
20
13
4
48
42
18
40
13
3
57
11
46
36
66
4
45
5
12
71
43
48
49
12
10
139
76
79
6
17
41
31
7
17
76
127
54
6
5
65
96
20
12
17
61
5
102
9
21
32
4
11
44
25
14
10
7
17
70
5
7
16
41
22
57
4
64
52
19
39
68
9
68
59
16
155
16
8
119
5
168
224
4
14
7
6
12
3
7
16
5
11
24
114
4
14
3
14
46
14
57
113
14
30
5
69
73
3
25
89
78
6
74
46
17
9
92
50
12
18
26
35
12
66
44
5
7
38
27
7
75
18
7
11
88
59
4
24
79
3
7
95
73
14
11
25
32
26
4
54
41
43
35
104
5
34
89
36
13
21
3
3
7
121
4
5
4
35
76
3
32
4
41
40
35
9
81
28
27
14
16
9
14
5
4
5
11
41
48
29
5
38
55
20
32
5
44
21
5
11
28
71
9
30
15
48
53
53
35
7
30
124
45
22
7
52
107
10
33
40
23
29
7
8
42
8
51
8
12
4
59
184
4
5
150
56
59
13
46
40
76
42
137
31
50
13
4
3
82
47
56
8
3
48
29
5
77
12
59
12
17
11
38
43
13
7
54
5
31
11
4
99
67
4
3
5
9
11
20
26
3
160
6
29
3
4
80
33
10
27
34
10
4
7
6
27
18
6
68
37
11
169
5
33
30
61
5
32
5
15
4
29
26
9
13
3
14
31
28
3
28
60
7
6
15
15
15
3
8
8
17
22
31
26
20
29
11
5
107
30
34
120
130
31
9
20
23
6
6
174
36
46
60
4
51
118
35
52
4
30
4
130
47
3
90
17
171
31
9
90
15
5
14
5
6
180
37
33
65
100
34
83
14
36
8
12
10
39
15
11
79
105
8
47
27
14
43
78
6
110
7
41
22
8
21
22
148
42
62
48
119
39
7
35
7
15
5
8
3
8
9
10
138
18
12
12
6
89
8
5
5
10
65
5
14
60
4
8
8
19
16
64
79
45
8
6
4
32
10
40
4
74
360
5
15
13
112
7
25
43
86
71
8
78
7
34
6
28
69
24
73
3
6
5
10
22
7
119
6
76
10
63
49
3
12
4
6
5
30
54
11
9
4
69
123
6
86
17
11
29
21
10
202
45
122
26
67
11
42
22
4
36
52
13
14
6
5
26
50
5
55
3
68
90
28
5
120
100
67
6
3
64
5
31
5
57
5
46
117
3
6
53
60
3
17
100
31
14
84
5
13
78
15
14
44
71
7
27
149
62
30
50
62
4
3
8
17
3
10
23
3
100
6
14
14
17
6
7
5
5
3
10
53
23
45
5
17
38
18
59
60
40
31
39
4
60
114
74
48
43
5
19
5
4
8
60
49
91
29
15
44
284
49
7
3
4
7
19
71
5
50
159
7
3
3
112
35
125
126
41
5
154
30
7
9
13
10
14
55
49
15
57
8
18
7
39
10
44
115
33
97
81
57
3
49
21
29
10
14
30
5
51
17
31
45
2
3
41
69
115
11
4
15
13
4
4
23
3
16
30
38
18
112
100
52
5
4
112
6
4
5
20
45
4
10
9
15
32
34
46
75
20
19
19
8
4
24
23
35
5
13
6
16
5
5
45
17
60
10
19
63
7
15
4
88
11
7
17
3
25
126
5
3
4
35
5
30
32
27
16
107
104
39
7
52
9
49
4
12
14
35
46
48
15
77
14
26
222
17
3
13
3
7
57
6
45
3
5
3
54
12
3
5
5
3
40
12
6
42
5
5
21
24
4
6
20
87
75
9
20
12
32
4
14
12
27
46
5
7
5
3
89
113
78
36
9
5
124
79
4
25
32
15
45
43
18
26
6
9
41
31
48
3
64
26
32
110
56
48
25
135
18
13
109
55
6
54
21
6
5
15
34
6
78
14
4
67
5
50
57
11
11
11
22
58
4
59
73
76
33
4
54
12
9
89
26
3
13
90
14
4
100
3
3
44
19
9
8
194
12
6
74
13
14
34
27
110
18
109
5
59
112
7
34
26
5
34
11
13
56
36
7
16
41
7
5
10
4
4
139
4
4
134
37
56
62
54
45
6
5
30
4
8
97
30
34
123
4
5
4
64
3
48
4
7
5
15
7
23
163
55
6
31
154
12
79
89
48
5
7
3
22
13
11
9
11
5
5
61
18
3
3
3
3
13
50
9
30
6
33
8
3
15
69
15
21
20
7
5
9
138
17
60
28
9
6
59
109
12
16
24
125
55
22
11
104
42
33
36
13
3
60
10
4
4
4
7
68
27
10
26
64
6
47
6
117
71
45
41
16
12
3
14
297
38
34
17
5
90
110
43
13
88
11
14
36
5
8
22
4
42
117
9
65
41
81
7
5
25
26
4
7
29
169
12
46
41
18
7
9
14
173
46
6
76
15
98
13
27
25
4
17
14
26
88
49
23
93
4
87
30
20
61
28
19
40
123
22
52
27
85
37
6
114
38
26
66
11
35
8
4
7
5
12
84
10
12
108
22
6
23
6
7
191
4
80
51
5
47
27
7
