65
53
77
33
231
105
50
80
17
50
91
61
37
80
30
151
59
88
78
33
39
60
150
60
89
77
70
29
74
153
137
69
44
60
73
89
133
181
25
72
47
153
36
60
10
59
57
96
60
99
52
62
136
75
93
155
128
37
33
37
25
151
78
71
93
75
40
46
207
53
51
118
41
22
71
34
31
40
53
82
51
46
107
107
243
45
96
38
23
40
46
233
49
33
19
89
116
96
159
131
197
72
38
50
41
39
60
90
110
40
133
74
51
52
34
135
30
36
187
25
86
59
192
83
40
116
40
49
39
61
172
168
45
212
21
52
56
81
31
49
54
134
83
62
95
105
45
48
58
52
48
89
207
101
70
87
53
36
94
28
61
17
69
329
45
53
61
170
74
80
31
153
116
115
139
24
49
44
98
51
74
14
61
72
17
68
48
194
72
36
52
45
41
19
141
65
33
142
47
93
172
56
39
20
99
32
61
40
98
43
71
29
76
40
71
65
112
27
81
120
42
36
14
68
39
46
49
239
67
55
88
82
40
75
53
52
117
42
86
31
148
17
25
115
104
153
20
59
18
264
20
72
193
306
45
56
56
150
86
142
75
60
95
47
113
101
120
25
41
17
53
34
54
22
105
92
80
47
37
50
118
38
198
35
102
43
116
63
60
25
59
33
156
62
74
18
160
90
243
44
45
157
76
28
35
54
26
50
46
36
136
72
103
107
104
32
56
53
99
100
54
28
31
188
41
102
36
55
99
61
70
129
122
47
97
39
40
97
92
19
44
17
175
84
79
104
21
50
65
190
33
49
38
43
56
64
70
143
168
58
49
23
73
105
122
38
56
38
80
41
63
190
47
121
213
152
116
83
72
16
196
176
120
58
20
29
39
55
32
49
70
37
59
131
34
146
42
48
19
50
51
52
160
12
29
82
52
91
66
56
49
55
30
157
46
63
43
80
160
99
69
20
62
82
164
140
96
54
54
33
48
54
108
19
63
94
43
105
28
31
94
59
107
65
137
75
156
38
159
101
80
138
120
17
40
68
90
110
40
158
58
61
28
25
59
43
78
57
49
56
23
72
36
15
35
28
61
83
67
111
59
90
22
58
98
41
143
94
45
39
42
143
69
89
13
73
12
62
60
59
33
40
78
83
35
20
41
93
87
87
139
40
58
186
43
56
93
11
57
60
99
71
53
40
67
28
21
158
95
162
131
127
110
209
82
63
16
54
106
106
134
306
94
79
46
14
51
71
63
78
26
143
68
83
72
48
34
74
31
50
123
44
56
45
53
116
42
105
55
58
53
16
37
52
51
28
18
28
38
76
200
58
104
41
46
126
138
44
153
82
75
38
118
114
73
67
34
139
119
76
69
52
121
46
44
82
17
125
65
39
71
73
30
102
105
38
118
84
16
73
30
105
89
71
129
134
67
78
297
25
219
54
183
44
59
86
24
97
48
54
169
139
33
41
94
183
148
29
42
85
50
15
71
56
81
37
92
19
100
58
61
34
155
46
44
110
129
14
22
113
30
39
98
111
183
87
65
43
61
34
30
27
45
71
71
21
35
49
63
132
62
22
56
128
39
17
209
48
107
75
132
81
147
84
31
95
59
127
63
204
24
67
75
45
21
99
74
36
25
149
39
76
38
57
47
98
29
63
57
45
17
30
57
113
27
66
35
114
192
41
93
16
268
39
64
194
34
102
257
20
14
27
167
83
58
48
73
117
28
88
154
140
108
112
120
33
108
68
257
38
101
134
48
36
40
318
158
121
70
29
47
69
75
22
40
52
55
178
19
20
59
52
56
91
81
60
191
59
72
51
54
37
110
84
105
70
51
24
196
108
76
105
90
130
38
49
64
35
53
106
24
64
52
51
123
98
273
65
58
40
134
68
19
25
120
279
86
104
43
75
67
105
70
255
132
26
26
128
199
70
100
138
83
52
58
34
47
52
44
52
94
94
155
59
38
45
88
102
92
61
62
87
44
34
53
67
48
84
92
35
63
41
22
154
70
24
25
45
26
102
62
24
33
98
19
44
35
157
21
192
17
57
67
39
52
59
53
39
42
44
115
56
124
25
34
157
218
42
60
62
29
87
158
78
84
72
50
44
64
38
40
13
53
54
71
101
96
26
131
33
130
47
89
48
151
34
100
89
44
26
65
100
208
32
52
172
24
58
108
36
61
109
82
40
130
276
73
51
84
65
324
110
22
233
57
23
34
115
44
86
29
147
121
54
22
38
21
192
43
19
26
33
107
42
40
53
91
33
69
121
39
9
72
23
45
35
74
51
74
125
57
74
159
47
233
81
151
33
18
32
114
125
26
83
21
84
50
68
91
56
67
112
74
141
38
75
43
67
68
38
63
56
39
34
398
71
113
114
95
144
161
21
117
15
268
24
91
47
19
83
73
168
21
19
44
29
16
56
20
61
70
21
39
32
74
26
41
150
80
140
54
139
75
51
58
51
100
61
60
149
87
80
122
65
41
58
79
71
30
47
70
107
24
22
74
18
121
22
25
85
202
213
32
110
35
250
96
50
63
94
16
221
92
99
62
85
19
130
42
324
35
170
135
22
41
150
36
77
66
42
41
105
58
61
143
50
35
72
27
61
46
126
102
91
92
41
24
79
25
88
54
81
59
108
47
38
31
32
54
23
35
34
94
47
91
39
17
89
39
81
83
29
36
14
114
78
31
47
128
26
29
72
24
87
129
74
23
34
26
14
21
39
89
73
92
97
196
74
46
33
113
18
120
56
48
85
138
40
153
34
123
21
102
42
40
78
88
29
91
55
125
110
95
30
94
92
83
28
82
19
73
57
36
163
54
21
39
20
105
98
101
61
49
111
70
44
49
34
117
80
203
85
113
21
43
32
130
82
76
59
52
48
93
64
50
55
99
45
84
40
12
32
32
55
35
34
50
82
53
46
42
79
254
29
77
96
56
49
114
212
52
53
51
61
64
20
59
69
36
61
88
112
40
71
140
95
80
52
102
37
50
211
42
91
37
143
127
16
55
101
42
62
39
86
33
23
36
105
117
206
23
18
111
100
57
220
82
29
53
158
102
115
57
55
82
57
26
144
61
49
37
30
20
41
38
45
30
49
143
68
38
69
89
133
75
79
40
29
50
75
128
65
182
139
68
47
29
25
60
69
47
111
104
90
130
346
46
40
34
91
51
86
58
8
24
41
153
44
126
31
82
87
75
25
19
22
114
10
78
31
218
101
59
72
51
175
20
124
108
93
38
52
47
119
26
73
325
184
40
46
137
91
53
253
22
134
67
47
81
50
61
36
81
113
43
87
56
174
96
63
33
46
68
113
265
90
84
74
50
37
68
167
51
188
34
44
37
13
66
34
101
73
43
60
72
102
55
55
25
35
61
62
43
70
119
240
98
78
116
86
70
99
76
112
25
101
65
159
155
51
148
23
61
93
56
53
167
148
72
38
136
113
60
134
29
71
66
324
67
84
45
60
48
81
51
53
77
76
69
119
166
65
80
71
41
48
23
50
21
56
102
57
112
293
67
47
36
48
45
141
179
146
51
58
54
49
31
64
69
29
57
170
60
72
77
32
69
116
142
49
56
43
32
62
97
56
33
48
43
162
39
37
42
59
21
52
58
63
22
58
27
22
78
91
56
67
142
95
42
40
51
58
32
65
56
28
22
60
72
150
18
72
123
155
113
80
83
33
71
65
40
79
43
53
50
122
41
37
120
98
52
92
92
66
94
66
31
63
33
27
234
95
40
64
98
53
94
39
54
141
54
118
24
43
49
57
29
23
107
79
109
77
82
217
94
46
26
147
23
252
90
55
158
28
142
53
98
43
104
54
178
145
42
59
47
35
63
156
33
146
35
57
26
142
60
25
65
231
53
17
23
74
81
23
20
60
67
54
38
141
19
86
87
50
17
64
52
85
25
47
63
58
101
46
126
74
31
37
140
74
50
56
62
79
121
96
34
76
145
125
43
150
212
175
29
100
41
72
62
81
142
52
32
28
72
25
146
26
165
70
23
54
82
63
32
112
68
38
67
47
108
64
57
11
42
73
18
41
28
37
50
85
116
58
190
26
83
30
30
41
88
70
20
80
110
18
70
82
35
33
66
35
40
124
17
93
47
44
29
76
34
51
141
41
127
58
48
74
49
136
161
26
62
29
222
56
58
38
34
47
52
246
32
157
30
64
42
54
32
42
54
87
44
28
70
102
58
54
152
83
24
30
59
36
32
109
71
109
139
97
27
80
45
30
95
80
35
14
66
53
66
72
49
56
74
58
49
92
27
41
17
31
66
88
29
17
39
113
118
65
34
29
21
35
46
71
109
42
95
43
57
24
54
144
165
64
221
51
91
58
176
62
145
62
40
62
80
49
105
35
60
106
53
88
80
44
68
74
101
24
111
52
96
271
122
47
18
84
72
69
57
109
22
55
14
28
30
37
39
58
21
60
13
161
42
143
31
119
79
62
68
225
42
29
61
88
30
45
11
58
21
64
18
125
30
51
72
75
53
128
74
44
28
28
17
38
82
88
39
17
38
30
152
55
35
35
29
54
54
31
86
33
98
128
42
52
42
17
20
17
21
75
88
81
52
191
64
43
41
147
51
48
86
41
59
64
99
57
87
45
54
48
48
129
17
63
96
99
57
32
26
36
68
147
140
27
33
45
83
55
119
25
58
68
17
47
80
121
23
10
51
67
18
46
43
34
90
60
79
37
49
10
82
30
73
74
41
159
127
48
92
49
79
46
224
35
107
96
13
36
23
67
91
22
71
216
54
93
76
47
49
29
51
64
109
38
57
64
70
45
65
49
101
96
70
82
69
16
75
24
93
17
121
49
25
105
274
34
34
119
114
34
23
23
120
43
75
74
41
47
59
48
59
19
158
27
68
36
160
54
57
70
42
46
48
25
86
58
64
35
81
88
37
63
142
67
138
130
118
80
79
55
63
71
40
47
31
35
61
79
43
66
89
61
24
85
68
61
51
111
66
121
126
75
249
71
18
74
216
257
68
73
41
211
44
75
77
36
83
17
34
58
125
61
29
57
61
45
182
58
32
39
58
52
19
75
91
56
164
89
136
35
88
213
36
46
49
127
51
79
150
87
73
96
204
27
67
97
69
119
78
17
76
23
212
43
50
174
32
185
62
34
51
54
50
33
64
38
57
45
30
396
120
107
35
73
95
24
148
33
71
43
149
18
61
50
37
79
56
65
70
111
45
31
96
77
93
40
59
72
28
90
49
45
57
36
60
31
27
110
119
46
60
42
95
34
75
36
113
105
30
28
108
50
42
86
147
125
66
49
172
61
53
181
162
112
23
231
51
118
26
61
29
59
59
51
43
97
45
57
70
182
34
63
59
56
174
49
54
227
84
69
37
26
104
19
109
28
88
111
223
66
53
67
145
43
54
32
281
48
158
44
55
92
185
75
149
75
68
61
115
30
63
124
72
105
111
46
80
167
35
70
196
89
95
36
55
83
27
25
61
125
32
21
77
64
20
95
23
104
106
57
60
12
109
34
50
91
26
61
70
90
56
60
46
40
41
51
40
67
50
20
67
14
41
44
81
61
74
110
77
36
50
76
59
68
28
31
57
50
77
8
56
37
53
49
150
253
34
168
58
37
72
59
52
134
44
34
35
62
267
105
119
75
33
39
97
54
155
149
62
64
48
31
24
14
30
44
62
79
43
330
52
123
51
52
95
59
32
41
54
51
49
47
63
120
53
36
35
50
60
123
76
95
186
48
97
196
29
28
101
96
28
152
46
111
34
39
42
153
63
110
44
89
37
71
60
32
17
24
181
44
43
145
70
132
311
12
52
33
43
40
80
34
100
32
143
53
22
85
66
115
27
78
87
26
30
19
136
73
171
41
368
76
177
160
45
40
107
29
63
58
42
41
41
55
40
42
123
60
144
70
15
34
31
144
66
126
51
102
111
40
74
61
90
42
29
19
70
20
35
93
84
155
66
57
57
32
94
21
259
48
63
143
129
24
76
90
34
24
130
74
91
76
114
69
75
70
157
202
71
58
129
103
23
40
55
97
33
61
56
40
94
132
62
82
87
54
91
132
44
52
32
37
24
111
34
58
51
25
47
78
56
117
122
135
72
110
60
66
95
48
20
113
78
57
25
25
59
58
37
248
158
57
67
63
196
162
56
83
206
66
91
50
73
134
185
48
25
91
63
30
65
73
80
144
66
72
145
42
30
41
21
55
56
42
87
66
54
85
43
25
47
175
86
56
40
77
19
188
31
24
41
88
42
170
131
21
66
52
44
34
49
83
7
180
73
91
128
37
100
34
37
170
46
53
56
283
140
115
64
69
64
132
67
90
43
151
285
34
56
80
37
45
12
54
30
26
58
56
47
37
79
71
115
10
450
88
78
53
134
33
69
107
31
38
159
64
26
39
158
95
201
31
32
56
53
71
30
194
63
100
38
70
16
18
32
44
73
82
27
103
123
68
50
79
95
22
37
66
65
17
48
75
80
48
56
68
65
78
104
84
57
41
56
75
62
29
58
65
40
170
88
25
31
65
70
98
74
136
63
26
152
34
26
59
110
203
17
30
65
33
52
26
52
144
80
51
88
148
19
87
76
43
106
57
172
41
49
106
132
202
76
65
46
29
64
67
62
65
58
47
30
34
58
146
29
20
67
54
42
99
81
47
19
79
110
57
36
105
30
47
78
50
28
62
116
205
50
58
58
29
34
33
109
245
32
59
56
19
34
32
85
29
25
34
103
73
46
122
11
75
93
34
24
36
118
93
96
180
65
39
115
27
186
48
120
80
134
70
98
117
123
222
48
101
14
108
60
47
89
28
112
77
53
179
143
29
20
29
123
45
26
91
100
70
24
72
32
45
40
67
43
110
63
28
48
51
63
202
227
99
163
68
104
53
34
231
19
28
115
55
123
88
32
45
50
42
49
39
12
65
64
51
67
62
37
21
26
24
208
39
25
121
35
74
31
53
142
87
78
33
26
116
42
26
21
23
47
124
190
15
51
67
107
142
69
27
22
70
48
37
120
49
77
27
60
26
38
32
329
51
156
46
90
94
76
65
42
52
47
43
76
171
65
36
123
41
77
58
83
32
112
28
21
31
90
230
114
33
20
113
19
152
89
47
46
25
66
80
107
47
213
27
112
67
33
74
63
30
116
167
139
41
33
74
103
205
21
102
16
46
51
58
80
131
125
63
21
76
45
29
63
27
61
12
49
155
48
42
147
68
50
62
63
38
63
175
90
179
28
51
121
110
46
254
52
271
59
37
45
35
69
62
77
64
47
53
108
35
17
86
34
87
66
75
102
80
81
64
82
85
59
209
153
46
77
76
105
24
221
135
101
73
47
43
74
39
88
148
84
57
89
98
50
29
41
64
29
85
66
68
121
87
48
25
89
34
70
196
100
118
89
56
63
34
147
35
171
124
97
61
39
59
111
40
46
85
71
141
109
94
159
39
47
168
53
40
70
81
36
51
36
30
132
27
45
18
42
48
45
227
32
51
73
58
10
31
94
123
14
35
114
14
119
58
105
55
14
40
24
62
85
46
44
75
46
25
83
50
34
32
91
66
45
30
37
76
47
45
84
39
70
68
33
77
111
81
17
92
42
63
28
29
45
47
43
91
139
60
60
135
90
130
131
169
139
36
26
76
78
144
59
42
36
11
38
55
27
36
62
47
74
51
42
78
42
51
208
30
179
56
177
91
62
53
24
102
23
77
155
29
60
35
103
116
16
24
42
109
75
13
18
72
39
130
95
56
49
105
69
38
108
24
127
48
56
78
68
81
37
104
26
46
73
36
216
33
28
43
67
188
55
41
31
54
112
135
87
104
82
93
84
112
12
167
49
156
47
56
82
49
67
38
171
26
141
33
38
95
74
11
129
26
62
34
61
53
45
106
79
53
98
31
72
19
45
53
99
59
39
141
43
34
90
105
85
70
59
119
72
7
122
227
34
51
112
32
73
78
84
35
120
46
37
41
40
61
105
62
60
61
63
31
158
33
102
31
115
80
115
92
96
53
15
58
20
111
55
165
74
62
52
64
127
48
90
23
122
50
120
44
51
63
52
158
91
23
36
108
28
73
60
35
127
75
102
36
108
83
13
242
74
50
55
34
64
24
102
129
62
82
115
64
44
155
51
188
90
56
8
42
53
73
16
62
90
25
26
36
43
66
39
43
115
68
82
66
92
164
140
45
99
210
35
72
53
73
257
61
53
118
36
116
14
151
76
74
54
80
60
167
77
23
36
108
58
19
18
28
30
19
83
57
28
65
18
33
95
52
85
67
90
66
87
47
80
20
19
54
142
40
70
62
80
83
59
244
61
40
108
103
94
28
89
28
95
74
100
41
122
62
84
107
111
42
35
68
53
104
192
21
32
21
51
305
78
16
132
84
28
80
12
55
55
80
33
86
42
147
88
48
25
50
90
31
153
120
99
89
35
65
59
257
95
67
53
83
68
72
60
36
97
61
47
11
158
115
106
31
80
60
122
69
174
62
72
125
52
29
111
96
318
65
63
51
93
32
16
130
50
46
178
27
140
49
10
221
41
28
96
68
81
26
48
60
45
98
48
44
116
73
66
145
28
72
140
86
55
50
73
54
46
75
86
52
234
36
50
49
63
62
47
59
37
21
36
100
109
86
97
84
64
88
59
33
89
25
67
150
40
65
30
44
56
36
100
51
65
148
88
63
47
46
182
98
24
102
49
76
191
32
106
211
76
49
36
59
38
98
89
15
94
56
62
45
23
38
29
278
80
33
41
16
44
127
41
59
66
22
18
111
23
111
91
32
29
25
28
23
43
72
35
103
44
63
45
29
37
91
304
73
42
142
207
143
84
36
119
56
59
84
91
41
94
39
84
17
125
45
87
55
73
26
24
71
130
64
213
56
54
86
118
58
46
52
35
73
33
33
25
45
109
52
34
181
32
93
110
71
52
39
63
52
53
88
165
19
99
105
97
29
27
34
147
16
35
136
85
134
50
69
49
98
169
50
119
45
19
43
80
45
38
81
14
80
84
80
241
76
79
104
120
119
136
40
29
125
243
66
42
18
91
36
49
20
123
48
23
162
74
43
62
31
19
198
83
139
40
35
82
143
171
46
77
15
93
143
48
187
77
20
44
88
20
115
36
169
50
88
62
13
42
74
54
333
31
113
67
118
30
82
57
166
38
278
114
33
182
116
262
48
52
68
59
68
32
19
42
36
58
61
50
51
50
180
45
55
48
31
55
36
62
97
75
88
90
87
48
238
21
14
67
22
164
47
31
104
61
88
30
42
140
66
79
9
47
34
78
45
91
49
48
61
29
90
165
104
91
62
42
45
122
86
57
53
15
33
30
51
27
106
60
65
28
68
41
123
102
101
64
56
28
40
178
23
98
77
179
62
27
146
31
66
49
152
51
32
81
71
121
90
17
36
103
133
170
148
31
57
51
23
172
56
125
147
45
94
64
46
84
69
52
57
126
33
50
48
57
75
9
125
25
227
40
102
55
18
69
66
29
81
40
67
52
20
134
59
38
94
76
87
152
46
18
62
104
80
21
50
86
37
110
45
51
103
99
44
19
76
43
77
25
45
32
50
93
20
33
238
26
34
95
122
55
69
50
54
29
46
186
91
53
87
228
39
63
42
84
51
152
98
57
34
177
126
116
91
64
76
89
136
39
35
132
49
41
72
46
43
26
35
144
57
78
66
121
45
40
39
37
40
134
17
55
106
203
96
99
41
27
105
97
22
83
29
44
55
113
62
102
17
180
25
14
45
37
21
132
80
27
45
109
142
70
75
152
47
64
23
54
43
67
25
34
84
10
17
68
38
81
27
41
196
66
161
105
41
135
60
36
82
32
62
47
85
24
73
39
106
57
201
41
84
383
40
86
64
128
108
51
53
162
73
29
22
116
96
45
101
24
40
50
216
253
102
133
43
52
105
21
66
76
57
26
68
105
69
15
39
71
89
27
134
48
30
37
99
41
44
36
32
106
110
133
34
136
40
48
59
72
162
81
39
20
117
58
143
72
32
68
91
73
30
44
73
59
86
37
59
72
62
38
36
42
141
79
56
22
109
55
73
38
82
124
18
181
31
143
62
69
21
138
11
106
50
20
138
41
102
75
126
63
31
61
48
26
35
82
102
94
27
146
76
71
61
42
23
15
88
150
101
38
200
60
74
54
106
49
83
37
131
11
74
76
33
37
73
31
48
33
82
63
82
38
52
66
60
93
43
27
39
62
121
46
39
100
38
69
100
51
17
69
31
42
99
13
159
68
39
57
59
35
286
37
76
21
35
79
60
56
149
47
103
28
63
81
78
123
118
67
31
28
109
58
148
29
61
39
34
78
30
64
67
60
118
109
99
192
54
29
76
76
42
68
53
158
142
42
41
39
21
70
65
147
49
55
68
35
113
87
76
17
55
30
48
83
27
67
19
65
61
95
29
59
82
140
41
90
117
63
34
59
131
55
129
23
78
43
23
96
88
69
189
65
72
45
137
105
27
50
187
59
43
61
114
94
23
43
35
109
75
104
31
38
26
80
32
199
149
126
41
167
114
47
324
55
102
48
110
60
120
73
117
105
68
33
58
32
61
38
54
38
94
77
169
123
26
66
35
53
80
38
84
78
125
93
34
63
51
23
129
70
29
38
50
70
54
55
20
35
182
101
70
98
146
64
31
47
213
73
42
143
18
14
76
56
56
34
81
70
37
76
59
36
84
250
52
167
53
88
66
41
42
31
31
263
94
37
83
98
63
40
69
41
81
109
75
84
106
47
51
103
44
106
112
64
47
62
129
47
197
88
99
109
73
189
39
110
70
65
100
63
81
48
79
194
87
68
227
70
66
32
70
48
41
48
37
26
41
99
45
274
61
45
83
117
52
31
41
30
79
88
54
47
89
91
17
59
111
87
46
59
57
104
72
141
52
70
187
90
22
133
55
97
31
55
86
41
22
88
67
32
63
94
45
75
17
85
91
130
87
51
17
27
121
65
66
95
204
22
104
40
23
23
38
83
112
10
85
44
25
50
39
14
45
78
115
20
28
62
97
87
45
117
47
57
16
93
45
179
88
29
29
36
28
193
130
48
29
37
219
57
97
87
39
81
73
63
85
53
46
97
39
221
11
40
93
40
91
74
56
27
124
177
25
64
38
157
23
87
77
23
103
137
79
39
63
52
75
22
150
144
149
43
62
75
36
242
204
50
51
34
26
57
140
52
67
79
96
15
37
27
86
106
22
42
31
55
54
174
75
129
31
152
36
35
73
47
59
62
115
77
70
16
29
47
15
48
83
116
32
42
67
234
23
187
68
36
80
184
74
42
69
72
76
67
256
30
37
125
94
28
39
62
241
75
45
203
66
20
168
76
54
64
110
188
66
88
80
64
52
36
96
206
28
33
28
70
183
99
89
43
154
47
30
156
64
39
86
78
40
81
67
37
86
67
49
37
32
70
12
75
101
41
28
49
36
25
28
55
132
168
21
40
45
32
116
126
27
34
57
37
143
46
37
66
40
14
133
70
116
158
111
41
30
20
43
44
54
69
30
23
58
33
157
30
192
87
141
65
368
141
37
62
43
32
75
47
50
78
187
96
153
120
28
50
76
31
42
92
19
32
52
453
76
99
43
40
87
66
103
55
22
44
18
45
100
136
131
20
62
58
35
85
45
35
46
36
31
60
23
30
127
29
128
257
94
94
91
66
73
50
118
34
78
61
19
30
28
118
53
89
97
100
38
35
154
54
63
45
78
69
11
13
43
179
44
56
71
55
175
131
50
61
45
59
97
30
108
81
208
178
183
68
63
42
53
33
45
76
66
108
140
135
30
273
20
58
74
118
51
102
159
28
119
56
101
44
31
41
52
196
36
137
91
109
87
55
100
36
31
41
31
63
120
19
73
70
86
158
24
103
124
20
31
82
130
16
131
77
117
221
31
51
67
30
76
97
312
52
38
126
73
49
40
44
67
52
56
76
44
123
48
151
95
38
90
100
19
32
57
350
34
65
78
43
77
32
83
69
62
65
51
54
97
31
54
78
85
94
88
50
133
84
143
55
100
34
49
34
56
143
123
257
29
49
19
45
42
22
51
282
132
98
197
70
39
26
36
47
66
62
125
53
55
79
66
142
40
47
169
104
46
76
27
118
300
30
20
49
40
89
35
128
71
36
65
36
80
114
41
33
114
85
28
104
36
97
119
157
38
122
24
55
97
71
66
37
60
45
53
45
54
90
95
58
86
133
60
53
34
48
104
211
36
45
24
142
255
108
47
240
158
16
33
66
83
27
123
51
25
116
44
158
43
63
88
270
53
60
74
49
87
59
31
50
54
35
45
59
29
42
18
45
110
65
27
257
12
35
97
52
97
33
34
31
45
38
74
59
47
165
112
29
102
21
22
35
110
39
130
130
120
43
96
126
68
60
83
36
104
76
61
68
108
159
80
47
11
34
64
32
19
185
42
85
65
146
72
41
45
86
29
101
60
67
83
38
86
46
150
30
26
120
26
101
128
25
34
43
119
93
63
77
42
45
75
42
55
82
35
40
32
34
102
93
36
58
76
116
26
67
47
31
55
60
45
158
31
88
36
27
37
170
237
62
112
59
177
21
90
105
138
53
40
66
105
28
84
99
142
21
66
60
64
90
75
22
11
27
18
42
44
29
42
109
167
86
54
20
133
70
16
39
107
32
76
71
21
153
76
106
212
48
23
49
43
136
36
26
115
86
76
33
85
64
141
48
79
148
86
38
44
25
153
158
84
24
65
41
37
25
46
54
19
71
18
86
57
29
38
67
60
76
89
33
81
61
102
24
37
91
93
66
73
24
36
41
92
70
36
116
71
55
68
77
88
53
66
60
69
156
73
44
101
69
87
81
90
75
54
28
138
42
78
24
23
107
84
82
82
114
40
66
60
91
30
85
105
54
120
39
115
285
78
62
26
175
66
82
19
135
34
32
260
150
57
90
102
58
29
80
199
133
35
39
48
28
105
51
24
18
41
27
54
32
64
66
88
80
51
50
227
24
28
115
99
61
210
66
79
36
44
111
149
58
80
30
211
90
41
33
58
21
28
212
79
162
74
97
64
60
87
40
118
59
237
35
31
69
62
73
19
36
55
177
68
71
109
145
87
39
84
134
173
34
46
47
52
109
50
95
31
160
67
19
26
121
59
19
94
72
61
72
386
45
64
40
62
140
56
25
33
63
19
31
35
27
79
102
26
90
45
62
105
18
16
172
63
50
115
46
237
41
48
46
70
67
20
64
80
156
28
24
27
107
59
94
49
69
122
150
44
72
27
61
68
45
45
31
49
64
39
52
96
40
80
49
46
94
133
201
22
174
68
120
44
27
85
50
65
58
57
98
99
69
38
76
62
32
171
68
56
206
76
133
81
77
129
21
89
36
118
55
58
99
79
141
76
26
64
19
36
22
69
29
112
17
32
76
44
37
26
35
30
29
55
39
34
142
38
69
53
26
112
81
48
126
256
25
32
109
48
96
90
222
155
103
82
95
126
144
23
44
40
77
47
68
46
38
12
87
30
59
54
71
48
84
58
31
23
183
83
58
154
56
42
166
29
49
28
82
53
41
56
47
33
146
69
94
42
56
42
47
78
60
105
123
65
28
45
76
40
98
211
20
79
60
106
39
45
64
32
56
60
58
54
91
51
18
166
28
32
53
57
51
128
119
28
193
57
42
135
115
135
107
92
86
46
82
175
38
36
133
28
16
44
38
20
15
122
107
190
73
135
167
138
55
71
71
39
52
73
59
94
138
38
46
62
51
93
17
84
17
52
42
30
153
39
57
52
83
53
66
81
43
62
29
69
32
52
96
18
38
53
135
86
69
60
48
35
47
72
60
22
30
72
156
122
47
114
65
31
25
69
58
149
50
268
74
59
62
67
44
21
21
32
65
50
30
53
129
112
28
29
113
19
195
31
71
69
30
67
29
150
31
65
125
69
97
24
169
68
84
30
78
37
14
113
112
55
172
77
93
91
82
82
39
124
61
54
45
157
207
17
107
72
52
107
27
102
44
87
58
55
78
168
161
92
360
136
61
26
126
37
93
108
183
39
155
41
45
106
46
104
30
94
82
17
206
107
31
29
27
105
48
39
93
89
113
43
102
70
53
22
185
18
53
48
28
93
82
58
21
133
45
30
42
43
167
51
45
72
374
20
98
111
79
120
105
112
98
35
69
62
162
60
172
54
31
45
49
24
94
87
52
27
116
60
90
51
93
21
128
61
49
85
80
38
142
223
271
87
150
175
147
222
269
72
72
42
32
50
64
24
25
16
81
103
58
31
134
80
39
116
56
30
112
118
83
99
136
50
211
35
27
25
118
99
179
38
24
33
47
52
55
103
75
60
150
26
74
85
68
69
128
70
80
15
116
43
158
91
47
56
84
57
93
60
65
62
34
100
30
80
219
37
36
59
29
135
74
110
35
46
61
51
41
50
35
25
34
103
77
159
66
79
30
391
92
60
23
58
73
59
149
66
200
26
157
43
26
41
51
68
190
48
83
70
93
104
53
40
15
45
63
103
31
43
142
45
115
37
62
54
44
43
144
37
55
31
64
19
42
68
105
57
22
41
14
150
95
21
69
106
26
128
12
54
250
95
54
25
51
75
16
46
71
71
26
65
161
71
22
63
47
44
43
68
60
54
54
37
58
29
60
17
32
160
41
102
27
99
54
64
16
49
87
64
240
167
92
34
101
55
118
275
9
106
36
62
188
44
57
30
94
66
65
40
90
55
19
105
56
93
105
65
35
114
40
47
86
21
60
21
76
99
28
50
30
84
90
23
42
56
241
65
53
91
29
80
23
55
55
87
36
31
140
22
98
52
70
94
30
113
49
54
55
64
123
85
71
39
208
53
108
35
62
172
56
32
17
67
37
74
177
79
41
98
113
102
46
80
64
63
45
71
60
44
100
74
56
49
47
37
57
177
27
129
123
58
60
81
35
19
73
52
183
76
172
54
60
36
106
99
24
42
62
100
63
91
74
115
33
73
124
94
36
106
122
85
74
40
34
125
43
109
61
47
59
28
154
53
64
42
20
65
41
51
69
59
44
99
48
39
122
44
82
112
37
179
85
41
130
55
106
36
69
105
68
81
67
137
54
84
26
36
196
59
26
158
51
15
55
82
99
74
54
26
31
39
131
47
34
35
71
75
50
96
48
67
65
134
39
103
120
112
32
76
17
117
255
128
35
32
70
32
82
14
71
150
47
36
20
105
78
31
73
23
92
61
14
69
25
12
80
45
67
27
23
84
55
88
137
28
91
82
51
54
44
26
48
81
48
68
213
84
166
42
76
138
34
29
75
26
29
87
35
80
22
79
122
58
20
190
48
115
143
18
120
88
30
10
44
154
43
55
77
97
56
19
166
198
46
49
53
90
79
111
24
79
35
139
22
46
125
15
118
84
62
22
139
21
59
166
39
238
9
259
38
107
173
20
46
182
29
287
77
20
118
109
34
122
70
68
118
48
43
72
34
83
94
42
52
145
79
14
41
54
29
122
47
39
98
47
234
118
12
137
228
23
103
71
63
59
63
129
82
98
58
16
91
85
88
27
71
67
72
74
55
79
44
38
115
40
53
364
52
46
49
76
106
44
137
241
111
10
75
116
150
66
53
133
46
45
49
89
100
72
59
83
90
117
192
23
73
35
67
158
49
35
105
130
76
33
33
70
97
131
47
26
88
87
211
40
30
167
43
63
107
116
59
27
73
163
29
51
26
115
55
313
26
64
92
114
96
16
56
40
33
97
54
50
178
204
59
57
68
22
59
87
41
45
68
69
105
46
60
91
42
44
69
73
53
105
33
43
142
58
369
157
76
31
63
44
136
121
27
33
40
64
109
62
21
37
50
169
98
53
52
80
112
56
39
39
91
114
44
44
71
172
25
155
93
23
43
211
65
205
34
77
47
30
31
99
72
13
45
61
98
157
69
49
52
74
87
101
79
44
97
58
66
72
163
124
55
94
76
38
15
55
76
57
29
94
74
56
209
29
20
74
225
26
28
53
37
86
83
35
76
119
87
57
16
74
79
36
143
27
23
95
50
128
77
232
62
126
17
117
112
23
46
48
16
24
43
42
93
48
66
96
232
22
70
92
72
66
81
65
102
66
70
177
35
120
37
40
76
38
121
83
78
30
124
92
83
139
289
40
66
98
44
58
60
42
110
367
136
54
26
110
33
25
98
49
282
34
83
80
24
117
108
40
27
51
48
51
65
155
110
80
159
61
44
109
135
30
166
130
18
40
109
55
47
165
33
30
17
69
88
94
30
79
29
33
98
124
75
57
153
24
59
86
57
66
98
28
182
30
42
25
31
50
180
58
65
19
127
37
101
76
61
60
40
109
54
77
95
160
50
262
201
143
44
111
45
328
38
38
41
64
89
23
84
17
25
58
41
74
104
55
93
73
29
41
43
63
169
50
36
122
74
40
65
19
90
69
26
31
126
45
83
115
197
73
44
36
58
52
89
26
45
130
32
101
160
126
10
54
66
17
69
41
79
54
145
129
59
148
13
126
120
224
186
14
52
91
82
210
41
23
67
54
24
39
43
71
176
30
221
45
238
65
66
138
91
60
156
52
66
85
139
172
51
42
209
93
99
37
49
180
33
84
17
34
43
71
34
82
81
39
55
129
170
122
69
31
38
113
40
116
29
174
46
24
69
15
93
59
53
136
118
424
55
144
84
20
78
69
71
55
80
145
84
47
49
44
101
117
124
71
47
42
59
156
43
15
64
13
89
37
165
73
61
76
72
162
76
135
43
21
133
51
224
35
78
52
52
42
51
131
321
188
50
17
42
147
25
189
35
103
63
37
52
112
64
47
18
58
94
56
20
97
121
134
164
126
74
83
90
134
146
23
78
64
206
38
188
34
162
94
80
59
30
93
44
87
36
16
88
86
130
32
105
89
215
26
45
40
14
100
74
212
24
71
69
57
60
51
166
39
107
75
55
55
75
134
205
66
68
21
225
29
41
74
190
17
79
29
36
67
43
123
81
49
69
83
28
41
64
161
78
26
41
66
128
8
30
83
40
43
34
39
139
158
331
30
51
136
35
38
258
49
16
40
25
36
33
32
32
57
27
170
28
71
114
14
87
18
215
48
34
84
130
35
110
62
26
81
29
81
34
65
95
81
16
42
135
47
56
75
55
250
78
64
60
68
56
153
60
216
51
22
46
52
17
114
70
42
55
44
33
34
48
24
28
154
98
47
105
16
99
40
86
80
124
20
61
51
29
45
75
31
68
78
77
192
167
29
31
33
48
132
82
37
82
112
208
77
28
103
25
103
131
99
53
34
88
56
54
45
192
164
85
111
15
71
33
101
31
41
28
130
62
32
40
17
27
123
60
183
64
58
58
39
80
35
32
57
27
68
74
37
39
89
56
63
77
122
54
80
36
65
170
42
168
149
130
137
53
305
216
170
87
41
46
20
64
33
205
45
64
32
208
14
70
68
86
48
77
26
79
29
58
108
81
53
99
36
279
53
53
18
180
68
191
22
56
29
72
137
32
62
55
13
27
106
46
25
106
25
70
106
40
119
39
118
64
57
21
54
139
83
29
59
61
61
83
127
22
81
129
73
158
36
59
56
186
69
126
111
51
44
41
81
164
50
56
17
31
111
33
77
53
23
108
239
102
90
73
97
9
43
29
13
83
51
74
166
47
66
57
48
36
84
115
77
205
15
91
44
51
29
55
49
107
157
76
53
101
103
61
24
15
111
43
35
131
137
228
49
63
205
86
79
96
50
66
50
41
152
184
36
46
107
52
48
42
171
107
42
40
31
52
25
56
59
130
183
91
62
173
83
83
324
37
66
115
54
13
21
134
64
91
93
33
46
82
60
64
33
93
69
24
136
24
142
83
40
14
68
34
44
142
200
41
26
17
62
71
46
34
110
44
41
25
45
25
55
48
29
39
216
99
84
57
61
83
38
58
47
128
30
25
272
158
30
70
57
47
122
240
56
88
50
73
42
107
59
44
55
77
42
29
44
54
92
165
163
114
41
39
85
79
62
91
42
62
56
72
23
78
75
53
72
115
72
168
129
73
105
30
134
58
126
42
120
103
88
136
16
89
63
76
73
167
136
23
29
82
45
45
20
139
44
23
64
42
45
60
59
57
71
9
181
36
102
58
58
92
65
74
71
132
71
69
25
51
40
19
75
95
13
217
39
228
263
70
135
10
152
82
104
21
149
118
47
23
95
47
162
50
86
45
26
175
64
98
58
23
69
164
49
56
69
107
91
153
55
51
175
139
53
41
31
37
184
49
61
43
182
58
120
41
60
115
30
116
32
34
76
56
63
93
28
86
63
47
78
71
75
45
90
36
15
109
93
148
145
198
39
50
32
71
47
80
34
101
40
62
28
13
122
60
26
65
43
67
59
52
230
44
81
27
140
109
47
71
81
56
88
29
41
111
114
75
162
36
168
165
42
134
56
51
21
109
86
48
47
44
27
50
60
40
66
67
66
93
40
134
57
55
181
42
34
61
77
48
46
53
116
169
182
76
80
87
56
79
53
30
64
49
49
218
26
100
39
57
48
75
29
94
22
50
77
44
44
36
103
136
57
17
59
75
82
38
65
43
55
26
51
36
33
106
36
29
57
69
115
142
104
56
31
79
74
69
228
91
60
63
67
51
33
65
51
34
120
92
27
33
160
57
87
118
111
69
35
93
95
40
54
121
101
52
106
75
41
155
76
58
394
42
48
39
92
14
126
36
34
96
126
125
24
40
53
124
15
93
54
59
54
82
69
45
133
75
39
34
20
43
51
86
50
80
56
49
140
48
33
31
49
68
103
70
36
34
22
131
176
80
157
40
18
49
44
16
53
67
65
152
109
231
19
35
90
57
155
54
41
21
25
73
94
88
173
74
188
50
74
57
57
95
97
36
69
65
86
51
52
75
237
36
49
82
113
119
42
273
141
87
100
226
55
152
56
103
54
86
78
74
31
76
37
168
80
53
82
49
64
99
79
55
82
71
118
55
72
47
45
24
68
109
47
195
69
87
14
20
32
190
83
34
39
49
77
314
32
77
54
97
63
64
66
27
50
189
45
249
40
16
66
132
26
16
83
30
40
57
52
68
43
119
91
75
75
47
75
130
52
113
124
77
51
146
76
41
107
37
60
85
15
17
73
48
35
38
51
46
47
127
56
111
70
68
157
224
61
185
27
68
25
80
25
40
33
141
125
43
46
129
33
37
132
30
61
71
97
122
35
35
91
158
189
62
113
55
90
30
136
59
64
66
39
92
61
28
97
42
47
70
56
20
90
23
56
105
43
41
16
122
142
39
68
215
46
34
59
52
67
32
29
81
17
49
66
148
96
120
139
52
60
11
50
107
53
92
95
51
36
17
32
22
66
101
32
209
113
25
95
24
51
37
48
51
40
129
114
89
68
36
41
163
62
101
56
71
140
40
89
200
49
50
20
30
75
18
24
55
57
83
87
22
42
97
25
46
107
77
69
37
28
32
33
19
77
95
102
55
62
100
87
19
84
63
47
32
38
90
40
96
53
49
99
272
65
40
30
11
82
131
60
37
30
42
84
134
64
103
111
58
98
51
98
25
26
40
37
94
31
17
18
72
46
58
123
34
182
79
134
46
57
114
74
88
394
81
79
156
97
40
91
61
142
37
56
101
90
74
45
67
53
70
113
211
99
179
72
52
48
131
65
12
104
68
55
17
71
73
57
160
33
59
55
82
174
50
110
24
27
68
49
164
63
51
14
80
49
153
14
47
37
92
52
53
43
154
12
49
122
104
111
122
56
40
22
150
62
30
57
127
199
23
112
141
122
61
39
84
46
34
71
14
47
61
92
54
31
71
101
48
45
37
43
148
50
33
77
41
56
19
17
291
39
36
47
17
43
176
52
35
37
56
45
62
42
29
85
118
58
104
101
76
80
77
56
26
147
43
93
73
141
56
40
26
50
34
87
88
181
37
88
30
112
158
25
37
26
120
95
84
74
103
38
92
68
75
44
78
86
18
166
43
64
110
179
69
100
41
184
48
125
40
18
103
36
142
26
58
51
78
38
54
31
114
13
72
197
160
82
47
58
173
85
48
70
54
147
109
47
70
54
94
41
203
204
145
50
86
186
41
66
84
148
54
107
97
34
64
35
7
103
13
423
23
100
100
125
119
92
127
52
32
177
107
98
36
92
49
18
62
54
54
68
47
116
119
197
25
146
114
33
30
109
25
26
132
63
21
72
25
41
64
88
59
66
39
44
25
51
83
166
7
66
42
27
34
52
91
70
100
120
196
186
95
148
119
48
87
47
39
57
16
69
43
85
124
93
243
80
31
53
68
35
148
136
47
132
46
48
121
153
32
19
43
50
190
109
135
119
43
108
60
79
98
76
74
57
36
116
14
71
136
65
49
114
61
69
66
61
65
67
186
129
28
92
64
49
51
20
43
52
30
74
67
13
62
79
48
30
54
95
59
151
34
139
33
53
31
37
68
50
126
47
63
94
81
192
38
109
62
14
81
53
160
50
106
105
19
47
55
118
76
64
70
33
55
142
33
31
24
107
78
72
95
76
25
27
123
94
44
41
130
163
78
59
36
32
73
124
39
32
51
139
88
46
24
48
237
25
122
47
36
39
25
48
83
111
49
111
76
47
70
98
37
92
71
36
23
129
23
30
40
29
20
95
55
121
121
65
60
23
103
37
174
88
107
28
36
103
70
48
38
113
19
125
267
95
97
45
45
77
119
39
162
59
70
38
63
106
62
43
38
20
66
196
72
75
65
28
106
128
42
38
63
20
28
50
75
94
132
73
85
66
44
25
48
124
61
50
36
49
27
116
33
84
42
62
134
36
78
59
99
65
27
41
37
84
97
14
48
39
20
11
97
106
58
137
26
99
48
183
46
79
30
79
100
60
127
61
50
39
19
167
99
115
139
147
146
36
57
69
159
198
28
63
108
53
49
71
42
181
73
27
163
140
30
58
85
52
71
20
45
79
52
48
63
44
52
138
157
31
33
31
170
156
66
122
144
199
66
30
40
78
164
38
106
42
72
28
88
125
42
59
95
24
42
44
36
76
91
20
53
52
54
146
273
85
73
41
60
28
115
69
229
134
143
70
30
14
31
25
44
86
20
71
104
32
116
111
68
184
83
68
55
115
35
76
12
17
35
81
46
329
44
154
187
19
57
22
86
66
97
54
22
37
22
116
66
16
44
46
22
56
24
130
47
29
110
55
32
26
186
58
45
44
63
84
21
63
30
16
40
49
177
84
27
155
51
323
62
40
62
62
117
67
38
33
92
84
46
71
84
56
44
35
42
30
43
121
18
24
36
95
22
60
118
80
24
49
35
104
99
115
13
338
51
24
190
105
21
81
111
48
67
140
154
93
27
115
23
44
141
32
42
19
94
111
105
48
74
25
21
26
47
65
31
100
51
30
22
41
59
41
59
71
59
33
42
50
126
61
120
22
114
82
16
130
68
117
26
25
34
64
97
220
40
98
18
78
31
42
16
87
185
76
77
47
83
19
158
34
88
100
57
115
54
184
50
34
231
34
38
17
21
123
67
57
104
20
208
80
142
191
50
23
55
77
152
32
206
39
70
61
39
169
18
60
70
72
40
26
17
33
15
78
45
74
91
43
124
51
84
24
23
51
57
169
29
91
120
37
14
101
152
69
45
36
42
56
115
89
96
203
289
55
63
37
56
39
56
36
82
34
26
61
29
52
202
52
75
83
104
61
125
77
104
91
13
135
45
57
79
87
32
22
124
32
62
87
118
59
70
35
94
93
194
49
147
58
28
67
48
45
29
28
30
44
135
68
71
114
95
93
37
25
47
42
78
42
27
56
18
113
76
47
95
103
71
63
86
83
147
77
117
120
12
54
26
27
68
49
24
242
29
12
28
89
28
41
77
54
80
165
36
19
61
232
109
58
134
34
64
39
117
60
55
65
30
75
67
81
16
52
31
31
128
64
68
109
73
71
82
49
99
28
136
77
130
94
121
168
141
114
42
149
154
68
18
43
37
76
30
84
91
45
102
83
72
26
25
82
117
27
49
28
49
43
9
47
69
54
123
63
86
27
25
77
82
107
123
100
122
132
121
66
87
75
136
95
125
64
84
63
234
32
136
43
42
81
39
41
98
49
81
52
30
77
79
25
16
117
43
117
37
35
64
55
82
132
101
45
40
42
41
25
94
69
56
144
77
88
83
37
46
55
112
64
19
80
83
38
60
35
70
207
29
121
30
53
40
25
17
58
9
59
34
65
49
15
141
23
37
19
149
64
224
96
140
20
24
168
297
65
154
36
47
76
97
50
29
58
48
76
263
9
75
36
63
38
36
13
84
72
38
51
117
117
59
41
39
53
38
56
141
25
45
78
31
50
114
84
56
112
44
24
169
71
59
77
49
24
69
38
54
52
111
91
54
49
221
66
56
61
116
119
138
24
196
36
119
42
27
142
150
55
109
77
72
67
58
57
78
59
84
102
48
53
44
59
129
22
52
184
158
100
41
124
63
68
45
159
38
30
51
47
176
62
131
65
99
106
66
61
77
63
69
56
101
92
20
97
187
75
65
62
43
253
118
72
18
60
189
162
81
91
63
66
35
39
