152
346
26
336
18
151
170
351
26
171
58
24
4
173
11
78
158
4
8
84
52
143
29
188
239
93
96
6
149
127
59
208
17
136
3
6
96
268
148
2
48
225
172
436
17
166
101
52
64
132
68
461
119
364
315
7
169
170
121
512
34
56
23
71
236
56
9
64
323
131
118
228
444
33
302
4
62
9
22
8
200
19
20
8
118
33
77
54
6
58
54
40
11
25
4
11
2
3
4
102
65
68
6
94
262
212
426
268
52
26
577
78
8
8
185
27
108
8
38
18
22
76
139
42
78
6
235
28
52
7
3
48
92
101
214
10
15
39
3
3
104
79
137
8
73
44
2
32
6
5
24
149
70
427
116
4
94
59
460
4
92
33
4
9
148
26
148
22
393
108
42
15
11
11
83
106
7
77
3
15
5
31
26
2
45
22
26
62
14
66
99
3
82
3
13
76
113
35
89
6
95
464
175
14
389
234
5
126
89
24
15
5
50
33
103
47
163
59
15
432
67
63
86
27
51
32
55
5
186
102
21
12
218
135
13
35
35
12
101
8
345
76
60
16
307
12
2
55
68
45
170
140
247
7
59
84
37
111
90
3
5
38
5
22
176
8
66
203
61
19
278
5
139
2
162
18
10
140
4
328
63
2
25
271
50
3
254
27
63
148
28
238
18
65
57
9
389
22
83
14
15
194
139
17
54
298
58
6
22
5
4
106
20
210
304
212
69
81
195
4
7
22
57
2
112
291
114
2
36
156
3
6
4
278
2
19
50
160
2
13
20
14
394
109
67
8
5
86
20
18
45
111
411
32
100
64
17
30
14
219
20
186
58
146
98
2
354
32
22
177
5
119
243
25
5
116
48
373
17
55
159
13
14
306
29
143
217
314
203
11
9
375
47
8
4
69
25
221
12
4
163
91
29
12
143
13
5
141
7
17
321
24
9
104
3
5
38
49
28
66
49
79
230
281
23
163
232
4
2
7
131
5
5
207
204
9
410
85
4
162
429
54
117
123
264
42
30
236
66
57
131
427
22
115
11
22
196
14
4
289
166
14
48
211
148
3
170
134
58
88
168
72
4
92
3
45
79
13
244
354
192
19
38
142
18
33
236
12
179
167
214
162
463
608
5
10
102
2
104
235
44
155
215
206
338
276
136
29
23
19
6
34
84
181
98
15
16
366
7
62
267
66
91
118
11
89
39
117
2
19
282
299
204
60
92
228
67
27
2
14
265
116
195
66
104
189
10
105
137
125
7
7
20
321
5
71
89
20
224
85
113
46
3
46
4
147
78
30
77
10
116
6
136
18
131
103
258
33
66
368
5
92
8
53
101
218
18
17
21
76
392
3
69
2
5
249
85
28
118
21
38
252
3
10
62
65
5
12
91
151
66
52
6
8
2
54
3
4
20
53
320
174
89
2
31
398
233
7
9
25
33
17
277
56
28
42
96
48
5
44
3
37
11
249
107
42
72
295
59
36
26
152
3
200
5
30
3
46
76
17
45
50
433
140
2
221
140
61
127
66
47
15
3
39
3
15
62
78
4
25
183
28
113
136
88
23
66
179
44
155
3
166
5
33
76
17
104
8
334
30
6
54
25
23
93
17
134
119
68
19
16
165
84
85
104
43
8
45
2
60
568
3
126
7
29
94
146
33
52
258
203
198
45
30
4
12
36
63
40
67
7
28
8
70
4
56
48
147
57
88
213
82
69
8
275
4
467
8
7
8
32
5
26
2
4
278
249
453
288
21
56
128
98
78
18
15
16
265
5
4
150
163
112
71
4
11
8
369
53
74
11
13
72
4
79
28
6
46
99
9
35
16
15
221
7
8
45
6
25
28
20
29
39
13
35
60
85
108
283
5
266
128
9
23
13
8
23
3
66
49
62
61
71
3
65
15
11
315
282
74
8
90
5
268
113
27
91
77
275
77
189
5
304
176
449
300
15
7
4
42
7
9
119
13
8
108
73
97
3
8
223
9
3
231
121
8
155
10
107
26
2
45
77
18
43
170
245
2
3
198
46
7
199
26
10
4
28
7
68
7
58
141
4
18
322
6
5
134
67
125
112
6
33
54
96
8
13
116
4
43
4
14
174
206
29
90
350
67
206
108
2
103
52
189
5
14
85
50
66
283
54
107
129
58
7
5
153
229
87
104
133
30
63
166
118
8
24
64
124
77
123
2
37
55
23
361
88
29
177
12
160
114
15
215
98
24
95
104
11
152
4
152
16
21
455
211
159
128
195
79
8
82
185
36
166
70
227
173
106
95
7
26
16
60
4
19
390
20
98
33
6
7
2
46
19
45
23
438
281
29
43
20
4
178
7
21
126
80
475
7
25
4
10
6
17
54
88
18
319
28
144
61
9
113
3
76
93
293
242
152
72
27
77
41
5
15
4
169
3
472
95
468
46
20
107
27
42
35
153
40
77
319
8
139
5
118
61
150
8
55
22
106
189
114
136
2
11
18
31
40
377
219
41
48
5
56
105
62
20
10
78
4
2
40
42
53
12
43
106
62
7
5
144
8
116
49
51
7
152
363
216
7
35
44
129
26
68
118
210
39
2
207
38
210
202
22
35
137
4
238
32
21
52
215
62
71
43
12
183
472
3
221
199
23
202
109
101
13
5
178
193
14
652
86
41
2
101
40
63
44
67
204
190
199
54
5
12
5
29
4
91
10
60
86
380
240
5
88
9
30
2
9
213
12
78
80
230
329
136
113
14
7
4
39
18
6
114
7
53
30
8
198
24
93
7
7
61
9
8
345
11
125
196
119
25
8
152
27
15
17
6
2
18
12
5
3
24
6
265
151
392
43
228
3
14
44
19
149
19
77
25
7
10
85
501
3
78
15
2
14
289
111
76
58
106
23
7
24
353
5
61
76
5
345
2
141
4
6
10
67
134
33
74
302
3
164
5
29
13
18
4
180
8
2
6
49
3
17
126
120
149
81
64
20
6
81
187
18
83
14
16
262
133
37
49
86
47
17
93
146
19
3
21
18
338
232
60
13
345
102
10
7
122
4
75
146
31
102
61
19
54
4
8
297
22
73
7
92
81
71
2
2
77
25
3
322
7
91
136
54
347
207
101
296
155
34
10
7
41
44
14
77
362
40
123
93
10
5
11
30
4
29
151
3
9
343
50
26
95
5
116
121
41
5
12
391
7
87
3
83
93
138
128
10
22
138
4
5
6
12
49
172
50
4
46
64
26
17
42
5
14
157
110
284
154
208
48
51
159
12
4
40
23
14
33
64
11
232
59
48
99
4
2
149
178
121
18
58
46
54
17
8
248
14
100
314
5
31
108
132
5
56
36
464
42
48
4
63
8
120
5
43
17
78
115
7
9
13
55
2
46
5
44
105
103
18
37
13
163
127
212
175
22
30
9
51
204
6
51
3
111
57
98
220
345
376
5
23
159
92
51
209
138
128
64
5
19
63
325
21
27
30
397
17
406
22
221
5
235
28
154
176
14
20
8
77
6
17
152
16
127
7
296
17
198
32
351
34
280
278
141
201
28
201
157
302
108
44
59
5
29
3
10
30
33
5
6
33
7
253
14
40
135
238
62
10
81
108
54
316
193
251
165
25
458
34
46
98
25
73
16
5
20
4
5
114
123
42
185
48
87
9
35
12
61
2
4
94
74
15
43
3
40
6
87
117
45
151
195
303
29
44
137
139
5
98
96
178
2
119
176
78
26
95
303
92
96
13
97
20
27
120
205
100
129
106
163
277
48
6
20
28
210
81
2
117
60
180
105
59
30
73
46
303
11
292
25
29
92
5
152
93
111
189
100
6
95
161
175
13
206
103
378
3
48
17
12
15
2
25
36
27
52
158
37
4
3
73
100
257
49
368
20
34
15
28
164
3
55
63
278
21
46
5
30
220
5
71
64
5
5
29
228
13
40
251
84
313
168
85
6
131
38
67
22
22
3
51
152
162
5
121
46
181
79
97
59
229
205
89
55
5
25
8
26
3
20
198
5
64
236
169
171
146
43
136
248
81
11
118
10
95
63
94
436
4
6
65
178
16
47
33
107
160
3
78
86
4
18
12
54
5
58
54
50
20
159
310
53
156
21
49
119
110
13
3
89
9
17
48
61
446
42
215
17
84
5
34
126
148
131
253
10
19
12
160
160
10
31
449
52
55
30
6
42
8
2
97
268
4
29
245
58
114
421
61
12
19
112
177
183
75
4
35
39
200
66
227
94
154
37
375
36
31
18
38
65
286
56
38
161
324
32
230
27
4
40
14
116
7
3
172
6
45
4
9
13
18
54
8
71
37
80
161
84
318
61
198
453
141
3
12
30
133
134
2
21
15
278
4
21
101
22
79
219
12
54
17
165
219
72
193
295
14
54
302
32
69
9
2
151
85
3
15
7
92
96
150
31
228
172
8
7
28
118
25
19
24
217
42
17
4
150
103
12
6
7
49
214
33
22
27
171
6
69
37
56
109
187
2
41
86
34
223
244
62
4
152
50
51
4
100
141
435
173
34
3
2
13
9
96
3
450
21
51
37
252
5
60
38
64
56
63
266
7
36
5
3
13
14
143
81
138
31
141
12
185
184
269
160
3
24
13
161
58
65
39
27
168
21
13
21
4
255
20
91
118
69
15
57
109
90
51
101
38
11
193
55
39
7
70
12
125
7
17
16
96
78
24
75
23
8
77
394
201
201
503
167
51
18
53
9
26
67
34
37
2
2
20
5
35
89
91
104
145
155
136
62
298
142
3
66
53
21
167
22
225
48
75
189
5
15
43
168
4
123
102
4
4
35
22
65
37
21
151
3
79
21
4
29
611
117
51
72
53
4
289
68
85
10
78
40
49
26
96
5
51
21
18
86
25
44
73
63
9
164
64
11
4
4
4
15
14
24
237
55
12
15
23
168
78
59
35
13
10
48
101
8
34
7
57
4
85
158
272
9
2
402
32
10
114
271
116
11
234
19
2
217
46
8
223
91
34
176
375
4
12
29
24
19
45
4
26
38
183
60
86
252
70
15
93
74
242
143
7
447
243
46
29
95
18
160
4
60
19
7
155
313
22
73
3
140
75
204
84
92
262
68
89
11
351
215
70
150
42
5
12
392
9
4
28
239
234
283
4
8
6
28
22
163
22
93
142
153
188
92
182
140
69
56
170
5
94
14
85
40
67
26
37
281
60
39
4
9
9
105
7
43
107
104
97
9
157
65
36
5
5
102
3
32
8
21
103
189
139
127
135
36
194
129
116
121
632
4
179
115
81
306
5
29
247
137
170
164
11
271
147
191
166
4
225
21
3
34
107
3
19
57
87
48
50
182
117
154
46
9
51
283
202
66
223
48
56
76
43
113
348
35
15
25
6
4
17
42
5
485
6
162
445
3
24
8
29
19
10
29
29
162
2
49
112
62
34
127
339
287
35
33
116
15
129
198
34
8
10
56
12
14
55
3
2
46
205
113
3
57
42
236
255
6
53
168
114
64
112
13
4
83
35
3
43
5
343
185
60
4
71
204
12
222
4
162
13
21
5
35
381
5
85
82
252
97
139
16
15
7
79
151
35
60
104
196
9
11
22
37
37
460
5
27
27
15
3
209
47
39
65
126
85
173
137
10
30
53
3
13
101
10
214
26
288
27
12
37
49
83
4
3
4
396
71
9
9
84
155
132
533
5
63
12
4
8
67
63
11
34
5
45
44
545
34
6
26
57
192
98
108
7
350
30
207
219
86
126
11
109
13
18
29
26
54
178
16
4
12
96
268
87
235
8
121
189
23
5
15
115
224
55
42
59
8
8
5
108
156
83
77
2
507
3
4
12
200
64
6
16
62
30
21
305
318
182
46
5
128
42
103
4
4
5
205
2
81
22
90
47
99
230
76
30
34
94
45
7
5
63
5
74
37
13
175
36
4
23
113
110
116
38
330
352
27
27
4
115
41
266
41
102
12
2
150
27
2
7
141
95
27
39
137
151
35
4
161
194
71
310
43
365
5
95
84
46
34
10
185
152
25
7
25
14
12
5
214
468
52
37
58
90
2
204
351
210
119
6
76
201
3
247
123
65
6
436
214
96
4
22
113
118
31
248
30
197
99
5
110
112
18
9
6
5
23
489
119
77
6
23
80
212
13
133
5
11
451
2
38
70
59
50
67
17
3
79
5
132
124
279
9
16
6
30
109
74
134
68
142
44
190
71
111
602
175
41
6
26
53
201
61
54
3
137
20
230
118
174
3
3
138
7
112
110
45
32
21
207
125
88
5
57
89
54
49
90
5
77
358
4
80
96
2
118
407
83
6
109
4
10
79
84
8
6
6
49
5
28
137
22
48
11
41
26
12
56
84
10
60
2
266
64
20
486
4
281
72
5
253
123
5
8
10
443
5
358
169
27
39
4
80
179
85
134
164
5
4
3
10
99
69
59
6
65
47
253
4
19
8
60
2
46
4
178
24
51
17
51
30
76
277
4
45
53
53
5
385
60
33
53
90
5
41
73
100
136
278
127
4
4
23
148
150
5
178
164
77
84
44
14
8
58
250
152
17
9
10
490
25
4
207
65
63
70
24
10
74
22
5
113
74
74
8
98
207
83
100
271
77
67
112
121
96
36
144
29
93
171
271
182
97
48
11
62
2
44
33
56
23
5
166
96
138
90
20
37
372
32
86
101
118
66
388
16
167
106
164
2
87
154
155
47
90
145
11
553
189
14
5
5
24
347
267
223
260
15
8
316
4
17
263
19
20
89
139
157
62
19
21
445
34
3
109
119
9
30
4
19
58
199
51
12
96
281
47
17
571
111
82
25
70
122
12
124
48
143
96
62
19
75
10
39
10
187
223
173
15
198
12
2
186
10
111
480
15
47
383
185
34
4
9
41
192
285
331
4
50
171
13
3
8
41
183
18
62
187
145
3
31
65
79
479
150
127
26
59
51
106
255
124
155
34
53
7
30
10
113
11
125
2
79
50
126
6
488
31
94
3
5
18
2
17
10
159
11
3
120
74
145
95
29
5
81
2
25
156
275
52
4
286
11
188
8
171
8
23
2
73
38
54
23
13
493
309
50
11
113
511
14
122
28
62
35
96
96
102
25
7
11
15
5
54
8
163
37
120
20
207
199
218
56
34
4
224
5
78
59
181
83
75
157
26
4
158
7
271
92
5
88
184
305
8
17
59
5
155
4
112
33
4
74
209
13
132
73
3
45
16
14
20
185
5
15
222
88
202
66
12
11
191
52
4
214
12
183
486
4
30
7
69
43
31
22
18
152
52
127
28
130
27
17
6
68
69
2
139
41
9
237
19
43
42
729
116
56
82
11
28
345
110
79
94
4
63
136
74
42
160
139
34
37
481
68
494
127
204
18
360
194
52
6
120
251
68
107
123
3
127
31
32
121
36
3
57
90
77
11
434
51
30
165
4
134
11
4
12
160
221
5
238
114
448
191
33
10
53
3
66
84
21
19
56
167
20
12
3
28
15
17
59
272
61
221
29
22
183
24
206
5
437
66
104
154
53
179
234
191
5
14
43
112
303
59
31
18
4
8
421
14
27
27
2
191
72
268
8
40
83
6
6
104
4
383
181
57
50
11
32
5
91
241
2
5
324
3
8
119
63
15
10
53
207
46
14
164
8
82
7
270
93
4
44
70
263
62
11
195
191
59
5
108
83
115
107
234
108
273
13
253
3
145
143
27
14
68
390
19
4
58
224
32
178
123
69
32
10
11
231
5
98
19
48
30
206
56
41
2
5
49
10
47
23
164
10
4
25
262
4
349
139
87
150
3
36
7
63
66
11
66
35
29
100
166
23
4
9
45
7
22
18
14
229
86
79
106
60
5
3
96
17
15
238
11
261
22
33
58
6
4
3
24
33
6
29
118
58
172
4
123
2
58
148
26
34
196
5
32
9
121
4
5
8
413
174
178
118
79
88
403
191
139
281
6
75
33
16
467
55
4
50
8
13
14
290
2
10
4
316
5
53
21
47
117
150
5
12
184
78
86
34
11
297
15
429
221
41
187
22
4
7
168
10
344
118
159
8
12
35
220
163
81
167
58
22
277
2
58
5
72
306
62
14
185
149
105
11
41
45
34
157
5
66
6
155
143
126
8
9
39
97
15
5
128
173
12
15
108
141
262
38
71
4
35
15
42
3
112
249
7
60
69
8
243
23
91
315
133
31
9
28
85
282
31
454
96
186
8
30
208
9
89
252
14
118
102
141
191
11
257
190
160
37
367
139
278
21
41
26
53
56
5
48
6
13
16
9
22
82
14
78
20
225
30
28
16
29
15
221
210
114
165
58
219
188
7
42
151
13
107
16
46
60
20
65
110
18
64
82
13
230
65
185
243
74
8
107
574
187
2
99
31
30
4
61
5
6
58
366
106
208
4
13
4
125
4
29
164
421
19
27
11
361
57
186
49
576
5
217
4
9
6
124
97
2
171
8
165
66
5
16
116
14
15
3
8
123
10
13
200
47
20
35
18
100
17
16
138
177
104
301
46
102
22
5
77
4
57
18
44
20
62
5
156
60
6
255
59
7
12
101
87
172
112
10
275
19
5
25
169
173
17
12
206
106
36
74
3
13
127
112
80
23
3
5
151
254
99
13
98
8
34
201
9
91
80
4
144
20
281
3
30
58
14
650
7
5
2
88
95
4
31
20
46
14
142
84
377
78
59
510
78
158
19
82
189
345
180
162
108
76
162
5
167
16
243
5
136
216
8
190
99
51
36
9
129
7
43
84
110
76
113
251
4
223
157
27
347
23
180
9
323
5
216
8
27
16
196
54
156
48
13
7
351
11
12
52
11
188
10
5
3
101
31
241
48
16
26
60
39
8
29
30
18
136
6
99
67
7
29
18
35
5
39
63
36
17
4
25
4
77
4
181
168
233
221
28
168
70
85
69
206
272
16
169
8
2
370
26
4
21
69
31
3
13
101
74
47
181
212
5
19
68
16
44
38
2
185
81
189
4
16
34
20
8
272
155
36
38
90
8
4
37
147
53
19
4
77
138
245
62
24
169
143
69
40
4
31
10
110
2
126
19
72
11
178
20
38
7
165
3
20
11
24
7
154
228
27
15
295
296
86
12
6
109
82
32
89
142
36
246
228
7
44
9
43
46
68
3
135
95
318
50
28
6
28
6
59
77
152
29
7
96
16
116
8
32
69
107
30
4
79
151
72
83
92
15
98
73
63
281
83
67
12
4
150
8
8
7
5
32
104
130
89
27
131
335
225
30
421
2
87
13
4
31
5
24
18
75
6
349
401
250
163
180
51
228
29
182
70
36
17
37
135
38
13
12
2
13
282
132
5
161
6
249
134
2
52
102
2
202
476
187
159
190
145
36
244
40
3
16
317
66
120
23
182
100
79
9
10
13
85
166
4
7
8
58
21
67
93
72
5
75
203
47
214
72
249
5
56
238
116
382
98
11
61
32
159
132
45
24
316
369
14
211
39
87
124
88
166
87
19
124
202
41
4
243
114
16
154
30
69
30
52
381
155
4
4
3
37
11
17
5
117
29
276
69
71
20
13
12
145
128
5
15
352
19
5
2
136
2
9
6
4
5
3
17
141
55
89
54
71
79
193
6
38
5
98
107
410
2
4
11
34
15
4
45
2
12
2
84
204
15
322
45
85
10
44
339
741
50
181
249
91
140
17
125
2
28
156
10
75
42
43
44
133
5
31
21
74
48
121
12
67
67
111
206
6
18
55
217
54
118
73
46
12
61
116
76
122
236
39
3
3
31
14
203
3
18
167
83
134
316
8
210
421
10
182
54
2
170
103
116
146
169
111
144
207
108
171
12
2
206
252
21
109
154
23
84
4
49
4
8
3
22
16
57
29
289
107
240
5
4
33
6
155
2
52
43
67
146
150
15
8
148
64
88
5
3
128
176
24
354
26
39
265
91
63
15
8
11
108
2
37
228
12
5
51
46
93
10
189
513
4
318
273
110
103
24
81
316
33
17
22
26
166
92
29
11
136
54
167
84
97
23
142
20
8
114
100
97
40
20
80
8
14
2
91
103
82
21
476
120
31
136
34
126
400
316
16
353
56
10
498
57
43
157
3
4
364
52
67
2
36
200
4
92
4
198
29
4
19
122
74
5
182
149
89
64
24
37
333
71
141
21
243
26
6
17
6
50
14
229
8
198
157
7
465
3
4
262
191
152
142
85
24
93
4
98
3
2
35
142
7
2
222
186
77
14
69
13
47
197
63
80
8
4
37
7
22
42
102
86
5
26
3
205
82
417
9
299
193
407
642
284
62
47
4
5
473
142
5
54
169
337
15
25
94
12
347
134
498
359
98
159
71
93
226
271
8
145
4
124
95
46
10
248
28
42
117
247
29
100
14
55
263
84
12
105
5
152
38
6
12
8
34
3
245
312
2
150
10
215
139
183
133
91
5
2
171
27
62
27
61
7
351
6
25
392
144
164
176
27
311
29
57
84
90
21
169
49
257
82
75
103
216
150
4
345
68
96
4
91
198
6
117
95
48
369
133
86
4
9
149
62
107
143
121
179
134
40
199
16
14
169
7
148
151
2
200
68
7
355
5
6
58
195
82
155
7
83
119
146
114
3
69
83
6
4
53
9
13
50
38
161
6
4
33
10
132
2
6
8
62
138
195
8
224
107
7
109
119
5
310
35
5
186
4
4
3
40
145
88
153
64
34
29
23
204
4
41
6
5
8
18
4
159
100
25
164
5
3
30
8
2
27
26
26
12
7
288
342
202
41
36
41
11
100
16
137
32
30
77
16
4
6
5
489
28
28
46
13
34
4
19
78
191
60
5
40
2
44
2
269
19
130
5
106
30
50
21
58
78
358
154
95
5
38
70
154
241
108
95
175
315
143
120
4
6
199
20
45
73
8
266
30
226
12
36
22
12
126
86
459
92
54
26
2
6
8
17
276
173
8
199
27
106
348
3
91
91
15
4
12
62
368
97
253
249
56
165
36
418
29
20
110
347
108
219
41
349
42
3
44
115
189
35
9
7
14
197
14
18
139
42
8
3
169
3
190
201
259
66
171
13
584
3
101
589
101
73
8
194
157
114
4
267
2
101
22
163
13
16
24
22
17
86
67
8
20
57
235
178
17
190
37
281
80
39
116
10
31
14
253
4
51
18
36
33
54
123
16
66
33
6
30
52
129
9
539
230
263
6
67
13
3
13
59
10
281
3
7
16
7
49
23
17
31
5
21
4
3
51
111
142
10
29
173
262
81
9
270
18
71
10
79
12
8
2
155
5
90
82
96
169
50
176
144
58
161
73
144
92
117
219
25
62
6
7
15
37
141
89
75
228
294
3
2
8
19
137
44
40
69
3
126
180
178
99
103
233
55
8
219
13
2
6
67
2
248
312
32
13
293
27
84
70
183
12
296
29
4
299
2
8
44
184
35
131
95
136
6
87
43
7
176
26
15
204
33
131
296
4
350
26
7
5
5
5
228
356
26
24
128
218
4
11
45
6
22
221
123
301
12
5
99
191
72
157
56
23
77
3
3
238
158
79
12
22
2
163
74
246
26
335
6
4
163
56
68
122
8
104
11
65
6
58
199
31
6
65
47
171
157
40
51
197
160
3
17
13
362
50
4
15
108
3
7
9
39
5
32
15
100
48
13
218
109
116
467
6
114
183
6
314
374
198
100
13
561
22
42
25
4
18
27
220
61
4
43
347
70
129
5
7
54
5
101
348
38
182
381
57
114
33
85
143
68
88
187
75
340
168
71
62
51
525
115
857
12
118
2
18
185
93
2
14
48
199
3
129
39
46
64
41
74
127
139
5
171
13
9
6
35
80
169
6
297
25
163
39
117
208
91
177
153
6
25
15
5
46
8
49
4
67
27
5
96
2
25
2
7
16
16
86
203
162
10
236
12
237
213
11
7
7
2
238
189
330
340
2
46
105
7
93
20
159
132
33
40
84
118
79
4
136
20
101
8
64
106
75
53
10
5
103
21
21
57
21
5
327
30
35
147
293
17
71
195
116
44
366
70
13
60
3
36
22
67
447
12
47
10
163
45
82
38
114
5
116
40
303
211
54
73
95
122
44
246
172
159
49
53
397
158
25
72
40
7
10
4
146
77
61
8
2
8
229
316
18
71
170
7
56
17
108
53
2
8
82
11
12
173
6
33
53
422
144
351
50
11
75
5
308
47
8
22
11
5
4
24
5
5
5
342
3
13
143
435
47
50
218
30
358
38
125
7
45
80
11
12
47
62
2
2
29
5
134
4
29
3
41
35
17
83
6
73
52
21
4
67
316
145
19
7
4
16
692
87
4
65
123
35
58
193
4
84
3
43
159
212
5
177
41
62
13
37
32
271
29
159
115
180
63
317
5
22
6
44
53
86
28
4
25
29
5
40
59
99
120
3
4
11
124
28
43
54
130
214
8
114
12
7
2
16
7
188
72
64
3
34
127
19
305
25
15
2
3
19
4
4
4
82
31
17
19
7
5
89
138
49
5
22
2
14
271
3
112
66
4
91
248
2
73
58
184
386
123
6
48
19
5
100
10
7
12
168
156
48
2
6
175
93
163
9
52
39
53
2
3
385
11
43
5
6
29
2
144
221
7
142
13
17
8
4
95
3
42
8
6
89
26
3
136
7
9
120
85
132
32
263
2
41
11
2
6
143
10
15
37
324
400
300
17
10
86
144
262
60
14
23
7
66
28
3
102
73
3
19
24
64
180
4
42
28
57
23
111
188
12
95
4
68
111
44
101
2
172
3
44
4
153
672
5
11
59
198
37
54
42
3
3
75
183
203
7
72
9
12
19
2
140
49
3
88
11
12
38
47
45
69
3
26
112
13
15
376
2
13
5
8
22
6
14
3
290
462
8
24
152
23
132
6
6
31
173
143
135
503
319
94
27
115
8
49
101
45
256
28
26
39
171
142
74
56
89
316
187
22
318
122
9
79
4
158
67
2
161
67
215
8
3
62
4
54
4
81
32
141
7
64
42
147
555
52
29
41
8
21
25
85
8
7
550
39
42
15
234
97
48
44
90
16
309
17
4
141
10
107
196
34
741
41
7
210
27
81
18
42
5
99
3
123
81
9
17
8
10
4
204
4
269
97
3
173
25
2
38
2
312
7
81
181
69
32
23
50
66
361
72
181
89
93
5
96
178
52
67
2
5
24
156
123
32
106
97
5
168
5
192
75
2
201
4
7
84
15
167
78
5
24
51
8
123
50
131
21
27
140
463
52
4
37
51
64
29
50
81
15
228
120
6
332
15
38
85
58
113
19
3
372
25
149
7
64
278
40
219
296
25
294
8
28
7
40
297
232
9
227
11
62
51
112
16
108
11
14
103
18
65
38
23
94
24
4
5
292
88
12
304
5
109
58
83
44
162
44
52
12
2
4
6
132
207
129
4
6
366
35
64
94
129
81
50
65
145
11
306
59
166
272
4
276
114
110
67
42
3
4
30
3
262
85
53
7
106
62
8
289
25
167
4
12
32
3
4
4
7
22
10
83
4
164
10
49
63
17
36
3
4
81
80
30
189
2
198
7
44
221
5
256
342
187
89
33
407
29
117
115
7
219
287
32
29
276
70
11
13
3
26
64
47
68
182
154
266
59
25
51
273
11
41
31
17
110
3
78
14
101
23
10
11
15
84
88
7
169
8
10
402
41
204
280
43
81
18
11
283
38
151
165
69
176
18
129
68
86
8
22
4
89
35
60
129
158
117
51
219
11
25
4
156
96
8
13
17
2
12
9
4
12
8
139
392
221
16
51
151
12
3
8
89
121
13
169
119
15
14
20
84
35
109
260
36
7
22
90
118
23
29
4
4
7
159
5
122
18
8
3
27
113
30
74
99
39
22
41
64
238
2
134
30
2
29
82
8
231
167
6
61
15
46
120
5
51
121
34
5
55
164
194
4
253
8
40
118
62
32
185
83
38
4
2
18
72
63
90
208
802
28
212
4
52
3
16
39
72
411
341
52
46
68
53
4
15
18
149
8
24
89
24
74
149
16
2
661
9
67
70
131
438
41
48
103
5
9
31
339
161
7
59
126
105
14
56
5
61
81
79
90
119
121
87
2
66
14
4
10
13
119
6
135
323
4
24
54
460
104
8
21
5
3
82
12
7
54
80
47
11
76
3
263
21
19
9
20
140
103
54
5
6
521
96
17
22
36
161
311
7
18
124
45
19
35
167
12
59
407
19
10
201
14
24
139
36
132
8
176
8
100
184
118
99
231
18
138
3
94
89
77
8
156
7
162
44
27
53
3
86
8
11
352
11
4
4
135
88
37
19
85
3
165
301
4
48
37
4
7
10
40
5
232
107
12
34
6
37
19
82
270
68
4
43
300
70
8
94
60
34
155
47
116
13
5
364
5
43
4
46
383
62
49
15
63
66
7
191
41
54
31
7
41
110
65
79
6
505
23
101
30
91
121
20
259
33
205
279
9
109
72
3
34
7
440
56
10
45
247
33
35
267
5
64
223
55
59
7
3
100
75
4
361
41
158
2
40
4
2
42
13
5
96
318
16
44
61
65
3
35
13
11
48
9
5
121
193
344
148
48
2
49
90
10
32
6
30
21
131
2
698
45
18
120
14
11
81
127
6
38
166
69
209
46
14
15
88
115
16
55
6
46
84
98
125
95
36
6
22
3
2
207
9
7
105
224
52
475
54
12
14
3
68
179
20
74
238
130
24
25
2
4
8
175
53
12
61
184
54
7
40
73
203
4
6
313
10
53
134
72
54
4
4
8
34
65
48
91
196
177
24
3
166
61
23
3
7
34
49
299
136
4
129
273
18
160
87
5
102
238
6
15
9
75
2
208
21
56
22
48
69
250
139
3
156
23
31
3
33
210
5
39
49
26
396
73
45
57
36
146
4
28
19
139
65
2
140
5
58
19
51
113
17
5
132
37
4
159
38
218
143
19
52
307
141
350
150
97
58
52
132
78
12
41
32
90
4
18
67
63
443
72
301
126
7
14
127
6
20
5
16
182
96
109
19
37
32
5
37
10
105
187
85
3
38
82
7
54
41
4
27
162
152
4
71
5
51
32
201
29
2
3
148
111
136
3
89
143
251
9
80
354
290
317
53
2
25
171
2
33
95
85
4
7
30
250
14
2
129
59
59
543
16
13
78
424
96
94
107
12
8
120
35
264
86
10
10
4
74
202
44
47
70
53
5
24
12
34
2
202
21
3
25
44
3
26
5
2
65
42
12
231
76
37
2
200
14
229
8
172
24
43
7
35
6
120
7
58
162
68
86
55
110
67
50
8
163
71
249
4
37
15
87
7
137
7
265
11
10
15
46
131
87
5
10
32
268
76
99
8
67
6
81
2
35
11
3
166
12
50
7
53
162
39
139
63
17
16
69
332
29
343
34
3
343
223
117
130
15
4
30
24
210
100
45
235
3
308
22
35
2
346
79
50
22
45
498
6
18
106
143
6
242
10
3
112
223
91
62
513
34
681
10
84
90
87
15
93
21
254
20
165
111
27
99
6
242
120
67
68
30
30
188
74
111
2
73
72
88
4
44
7
142
76
136
147
78
147
328
31
70
43
26
3
264
56
41
59
81
51
21
260
39
33
315
72
84
143
73
4
433
16
154
328
3
391
119
14
328
8
90
30
127
234
111
7
216
60
3
196
28
56
210
53
3
2
36
337
13
102
9
7
7
151
70
75
12
66
133
171
62
7
313
88
110
52
242
34
33
6
26
14
7
20
44
130
55
85
13
5
99
120
13
110
2
165
47
17
22
3
94
181
132
79
453
160
140
49
19
27
166
66
156
44
195
173
27
36
28
9
167
360
217
167
48
2
21
129
11
311
185
43
641
4
110
27
143
33
68
73
52
50
7
231
234
34
8
119
106
5
266
2
227
10
18
84
121
9
171
123
114
301
62
6
31
3
17
5
21
30
44
14
35
108
4
30
317
81
331
155
2
6
203
140
196
61
17
197
24
61
37
18
27
11
49
10
23
35
22
90
3
43
8
10
287
6
104
143
213
131
339
106
87
2
258
511
9
93
18
52
373
30
6
3
334
205
7
77
89
5
16
114
4
110
5
306
114
68
87
15
108
12
48
30
7
32
13
223
274
47
177
93
70
104
29
8
179
287
28
19
132
370
44
20
136
11
127
54
176
80
37
41
16
16
51
20
78
89
15
34
5
10
82
282
86
24
91
4
10
37
7
37
66
4
259
31
260
5
59
3
100
13
14
34
4
45
18
180
4
16
146
52
24
68
251
24
10
192
2
223
18
7
15
290
273
16
94
180
6
4
291
12
9
142
35
3
123
181
12
126
32
272
36
27
333
6
206
9
56
533
6
10
120
50
232
222
45
239
236
51
86
22
73
8
104
11
94
11
30
111
247
194
180
13
4
216
125
34
15
4
2
139
14
7
4
8
77
56
82
4
44
318
461
3
143
88
7
12
21
44
87
380
153
3
102
91
168
185
21
24
14
70
9
74
12
55
78
52
51
41
44
101
68
6
3
172
110
16
4
90
5
154
74
21
247
199
4
42
64
24
4
559
10
3
16
2
113
250
141
17
8
23
53
2
83
66
17
22
174
8
162
35
67
287
148
67
120
44
141
16
18
14
77
28
78
8
68
509
165
74
17
286
20
4
28
10
27
192
148
423
64
109
3
93
4
14
2
27
5
16
12
124
20
79
62
174
91
16
4
430
4
85
72
12
5
88
58
39
34
111
171
9
10
106
7
175
256
4
70
76
10
167
218
4
5
27
37
6
5
137
31
30
8
109
5
4
502
5
231
196
3
125
64
239
352
38
219
9
31
204
7
73
2
248
24
11
17
17
4
5
17
542
174
3
3
16
3
179
50
57
227
58
99
20
61
12
14
25
19
8
342
18
134
116
7
18
241
217
32
11
161
262
63
55
6
7
28
59
10
6
25
61
40
14
19
40
161
41
40
3
3
11
22
199
48
126
19
54
2
66
164
38
123
221
82
222
5
48
57
60
88
69
108
52
3
50
185
3
30
86
7
24
44
7
28
134
278
49
51
8
35
73
5
396
196
179
10
343
55
9
107
67
19
3
285
16
17
119
4
44
99
252
2
26
145
250
104
36
23
13
2
135
31
20
113
40
8
9
248
117
182
76
62
101
4
35
5
5
73
9
56
61
148
42
14
21
43
4
387
48
258
87
118
41
150
47
35
148
128
229
10
202
200
76
20
162
87
564
32
396
4
149
10
45
256
146
11
3
82
34
74
200
4
4
134
307
32
175
342
74
12
149
117
195
99
348
3
2
125
14
151
48
5
54
133
32
180
123
69
31
317
70
16
119
110
221
61
11
353
5
43
345
242
83
67
48
80
60
107
73
27
103
14
20
143
45
13
22
10
117
20
5
223
173
59
111
30
228
88
64
142
194
210
5
81
5
2
71
20
23
40
14
41
93
51
88
6
7
122
2
74
25
159
43
8
45
2
164
3
9
299
12
275
108
2
136
12
302
7
162
214
3
36
5
83
75
124
99
14
255
265
145
63
29
28
6
84
59
29
5
3
68
2
156
18
39
4
35
65
58
108
3
12
11
305
417
32
27
139
83
33
79
43
6
24
174
4
18
192
65
187
4
152
145
11
122
5
60
95
49
280
21
147
15
2
4
7
24
11
2
227
4
37
6
98
5
205
99
9
58
13
72
63
41
30
75
151
60
46
112
227
20
17
16
5
273
188
7
187
79
252
162
312
180
3
84
13
124
7
85
14
4
78
52
21
13
491
10
9
5
29
19
19
250
153
3
117
192
93
5
47
161
183
20
102
121
4
4
94
74
12
8
56
112
5
11
138
19
311
8
77
160
98
391
30
5
449
65
12
67
23
186
7
83
74
489
73
43
81
11
6
40
166
105
85
23
98
131
74
58
38
187
490
36
266
77
180
47
13
220
14
7
59
120
109
6
74
8
165
172
198
232
8
328
2
36
60
23
333
238
4
123
244
103
3
71
69
147
47
7
456
39
32
4
11
143
111
75
13
182
5
3
146
232
29
201
340
12
129
66
134
55
31
94
87
199
13
120
7
19
3
30
11
159
75
18
50
431
10
5
134
330
3
448
58
25
249
30
92
212
267
14
38
214
5
148
86
3
127
20
36
76
29
61
316
81
91
412
11
11
136
47
77
64
102
199
5
209
28
21
15
12
25
692
18
46
185
70
252
129
205
3
81
14
76
7
226
275
158
111
2
106
103
123
336
75
5
124
7
208
15
134
114
133
71
7
18
120
40
8
173
230
98
13
118
56
17
170
344
350
146
149
129
19
18
131
165
32
270
3
121
46
2
56
114
27
36
55
205
75
405
7
100
33
4
8
9
8
59
212
72
57
15
8
4
162
32
17
56
123
5
9
72
399
26
213
151
65
38
26
69
6
85
418
27
115
10
7
90
21
4
365
192
31
12
209
5
54
79
4
133
572
48
42
9
140
49
304
12
57
179
3
42
116
87
359
158
36
6
229
215
23
152
6
19
179
200
84
206
326
3
119
41
324
3
44
36
22
3
111
6
191
236
63
13
4
86
121
50
39
8
48
105
104
2
45
75
55
31
7
35
215
12
84
20
427
140
6
213
246
5
265
21
4
105
75
12
22
149
173
30
53
24
76
3
4
219
11
3
180
7
339
26
82
3
3
43
16
507
53
84
135
187
33
234
63
7
68
18
6
4
9
7
86
87
4
12
79
39
35
19
250
44
66
42
174
3
107
24
13
45
4
8
81
138
179
132
204
70
9
7
4
3
15
70
4
9
19
26
2
179
306
141
94
27
18
324
183
88
143
121
5
108
55
210
80
85
15
83
96
213
5
126
5
152
14
11
18
54
82
16
62
19
36
7
17
53
139
114
11
8
79
229
172
63
5
9
24
240
3
134
102
246
36
7
36
4
67
33
15
5
79
40
4
12
21
366
80
11
4
13
257
14
15
18
34
72
15
57
58
133
76
115
5
400
20
12
65
7
2
151
174
391
145
263
224
40
55
28
83
236
22
20
41
212
422
288
6
28
43
255
14
2
4
2
278
4
23
129
78
131
8
99
8
303
20
116
327
16
75
8
12
117
272
7
13
242
10
111
61
19
118
102
117
51
320
24
158
368
303
7
5
207
88
193
180
77
53
32
69
194
351
131
134
5
98
22
203
122
28
25
205
19
225
176
5
33
22
2
87
11
105
33
95
53
54
58
38
5
43
6
122
80
140
39
145
30
32
3
116
353
319
110
23
93
40
8
95
51
4
9
179
156
64
190
194
56
32
4
17
56
5
7
34
5
180
41
15
436
88
8
39
12
29
93
26
5
35
47
141
29
247
2
209
205
187
2
356
215
50
4
2
51
194
15
164
5
12
20
155
150
71
95
65
71
60
66
14
55
91
58
10
237
18
476
15
90
11
165
147
19
7
26
32
196
46
9
107
681
36
42
148
84
187
73
2
5
251
210
86
4
23
67
38
170
77
58
6
11
40
3
6
459
18
78
52
4
27
14
17
116
7
264
10
115
53
68
7
13
65
62
23
2
47
45
197
105
28
102
519
13
76
141
33
323
206
3
105
124
148
4
28
100
20
62
63
98
119
147
15
26
85
177
91
205
179
100
22
55
16
86
168
5
16
62
106
182
175
149
234
236
40
8
3
136
101
204
47
10
30
35
263
11
8
39
7
30
18
6
55
83
358
3
373
37
177
188
27
72
5
43
12
131
492
7
13
4
5
4
4
65
17
2
52
86
6
85
32
203
13
3
124
34
10
219
93
92
39
10
25
122
74
14
18
4
28
90
411
76
2
105
9
7
82
19
18
121
18
16
113
344
3
171
3
104
4
8
10
229
14
80
3
4
6
44
111
273
80
69
193
102
65
87
120
5
166
296
4
10
197
361
239
228
22
3
95
149
115
145
213
3
8
55
320
76
131
6
234
48
13
142
246
369
267
255
6
255
88
65
74
6
224
120
19
118
37
35
99
51
85
209
41
76
207
126
75
6
6
9
111
79
2
246
279
18
495
68
49
60
30
185
301
80
365
151
179
49
5
55
31
9
244
72
17
304
197
10
61
112
5
6
8
24
3
46
4
87
11
4
112
29
8
15
40
97
40
69
66
82
2
97
86
515
31
5
5
4
131
7
172
291
82
11
28
4
175
659
32
475
85
142
136
109
333
22
262
59
28
36
258
5
74
76
14
175
29
24
4
85
11
7
193
104
11
33
91
14
4
116
491
115
16
19
6
6
64
21
149
209
2
326
10
34
679
163
5
454
47
30
89
53
82
7
46
35
8
29
118
24
36
52
12
156
6
372
411
39
23
174
61
58
126
209
254
307
119
228
96
39
81
12
106
4
215
112
146
135
65
41
11
44
140
274
9
73
73
16
197
8
83
4
8
3
266
13
156
5
5
24
150
54
41
138
7
7
144
185
5
184
68
4
4
31
87
226
264
5
46
136
88
169
28
80
3
33
13
17
141
61
85
19
22
158
103
31
29
8
27
4
82
45
284
13
41
29
18
6
214
9
74
5
51
8
13
65
35
8
196
5
5
5
87
98
13
24
230
216
25
8
10
243
8
51
52
42
15
24
255
206
6
215
196
8
169
8
79
150
296
86
183
110
224
4
4
14
102
12
10
113
111
43
10
22
5
229
292
78
145
242
4
25
175
31
43
227
34
11
141
103
682
50
2
69
10
5
794
28
79
94
215
48
3
182
120
13
4
13
510
81
5
222
347
32
398
195
4
3
219
159
19
450
57
3
176
10
508
237
42
77
301
4
133
287
6
36
5
109
70
211
4
157
132
134
26
4
24
696
51
8
34
129
170
18
12
439
72
2
37
4
6
36
101
92
44
348
139
4
5
10
266
110
5
25
13
35
6
3
24
65
90
9
37
20
108
64
137
32
6
10
18
148
105
298
144
40
3
179
82
86
48
23
24
168
30
37
258
5
133
252
24
118
52
13
81
2
3
13
87
44
4
113
10
4
7
229
17
302
4
78
3
99
35
343
123
89
62
2
58
44
2
162
126
2
11
9
51
16
183
40
375
13
16
126
66
38
146
81
14
199
28
15
67
245
3
12
46
2
167
6
44
38
17
221
7
8
27
26
57
71
57
56
255
66
44
4
47
67
107
118
33
52
72
4
12
12
59
417
62
76
265
346
5
195
3
9
4
6
225
93
188
22
60
18
182
7
26
175
19
159
88
45
6
134
47
351
7
3
22
129
6
186
15
208
13
78
5
152
31
7
154
394
544
69
77
31
39
58
75
355
5
58
16
12
25
37
14
30
69
4
44
41
79
4
421
134
26
130
85
13
4
12
48
217
27
49
21
10
93
143
25
311
74
122
14
616
50
64
40
17
63
193
3
60
20
43
171
5
175
91
22
51
95
75
14
98
15
128
5
8
60
56
14
241
13
253
90
54
15
110
205
22
41
7
190
393
123
66
5
118
5
4
6
4
5
3
126
7
84
214
159
3
459
102
285
11
11
5
111
282
102
43
318
288
48
7
51
7
9
161
24
14
112
5
88
182
96
166
360
29
18
4
79
28
65
129
42
103
124
115
87
124
17
129
293
162
16
31
49
182
257
136
67
9
26
6
16
301
7
19
3
8
244
2
15
9
3
507
142
72
10
17
14
5
70
14
68
3
16
134
205
23
127
152
105
131
3
3
179
49
28
302
39
47
12
158
24
363
91
14
103
10
10
426
162
55
94
33
138
43
235
23
259
203
101
163
4
210
16
96
3
23
115
5
13
65
46
4
302
36
54
17
233
84
23
4
197
15
67
338
2
318
5
291
76
16
36
98
23
136
98
179
211
333
151
107
4
121
34
93
183
61
562
10
17
14
30
128
204
70
65
166
448
23
261
5
10
7
19
10
27
85
137
42
60
21
185
47
77
61
107
57
3
174
5
211
65
9
224
344
4
2
73
267
44
39
217
13
144
59
34
10
92
101
37
19
38
34
132
2
166
92
231
40
3
18
115
5
214
8
3
40
5
49
93
88
59
46
74
225
7
21
47
70
22
27
105
3
197
3
59
15
119
58
19
2
222
18
2
520
15
112
347
87
12
367
1037
94
14
54
197
53
7
247
68
20
50
45
310
192
100
2
26
15
104
202
82
9
107
46
423
195
23
114
58
5
18
122
8
134
28
6
7
4
12
126
103
555
4
71
45
96
3
243
60
202
250
8
3
22
528
8
21
558
313
62
9
114
233
90
31
76
86
53
60
11
89
178
179
70
25
73
21
86
10
6
8
214
171
183
25
19
109
347
2
84
2
14
43
53
27
269
143
25
67
5
20
279
9
8
45
6
2
129
8
662
78
69
246
119
3
110
49
93
2
5
102
20
104
47
29
156
143
15
60
278
287
33
380
177
4
5
103
175
15
7
16
168
11
69
5
29
191
136
12
63
3
5
150
7
297
11
12
4
24
220
4
46
6
271
193
62
13
9
249
154
5
20
75
12
5
439
55
433
188
83
146
191
12
4
14
142
13
669
203
15
9
43
116
398
166
15
254
198
159
232
67
16
34
32
26
38
9
182
267
5
14
6
86
414
4
16
352
124
15
4
402
4
401
4
39
121
11
10
2
2
26
3
35
38
168
214
104
87
6
5
22
2
5
2
221
64
4
10
74
46
55
158
7
159
17
35
11
88
44
47
2
78
