16
9
130
18
12
59
42
11
26
66
14
27
12
26
26
33
18
49
78
6
269
71
52
7
123
78
92
42
8
5
23
30
5
32
32
29
6
103
4
84
5
76
39
58
26
10
75
21
135
46
4
17
9
66
52
13
80
4
112
156
14
170
75
63
4
39
33
118
19
9
11
14
109
7
138
43
4
60
36
30
83
89
43
108
99
21
20
8
53
25
7
104
5
30
129
10
7
41
58
115
127
16
28
20
7
101
31
17
9
9
6
18
19
5
19
20
59
61
23
6
3
12
132
75
20
83
128
51
68
32
59
158
23
21
7
33
11
35
20
174
52
23
89
3
4
37
99
86
83
81
21
3
4
15
13
4
68
19
62
168
23
32
5
78
63
7
14
8
252
7
22
53
34
12
35
40
62
61
112
14
73
20
54
4
61
90
177
5
7
20
8
36
13
26
20
97
22
3
3
31
24
50
20
70
50
46
39
40
25
8
131
32
10
24
57
55
42
13
25
65
38
19
41
20
50
75
50
104
44
46
41
61
8
5
6
7
15
27
16
13
5
14
10
7
118
54
5
11
31
33
3
52
15
9
140
36
125
18
43
42
4
23
108
4
14
5
63
79
29
26
132
4
149
190
66
51
29
113
14
63
129
164
28
42
27
20
7
10
93
35
19
104
40
7
94
100
11
8
4
77
80
269
186
56
43
118
17
33
11
68
156
48
28
3
76
9
18
25
25
9
7
13
35
9
12
7
18
5
51
22
6
22
12
6
40
62
34
9
29
106
12
5
47
37
11
61
10
6
12
5
156
12
63
59
11
84
87
21
127
4
64
48
6
100
172
111
16
30
18
128
40
15
155
42
95
4
63
22
5
15
96
17
13
18
26
24
4
149
10
8
17
57
101
7
14
25
7
9
27
46
70
5
12
4
39
24
12
4
64
70
92
6
41
51
45
4
51
35
38
9
36
6
16
224
10
7
131
32
183
51
3
27
35
6
28
34
48
51
4
13
4
5
71
12
9
107
14
34
14
91
32
157
30
43
14
26
32
80
58
60
13
38
31
19
84
8
150
5
95
94
64
7
4
37
20
4
43
82
95
41
24
52
108
32
17
40
6
69
4
7
63
37
5
6
20
29
32
8
4
57
7
34
6
13
49
93
32
39
13
35
7
35
147
68
7
31
39
12
78
142
42
30
4
33
119
9
50
65
9
42
109
8
12
56
17
70
11
7
219
59
35
105
95
22
21
14
61
39
28
113
64
138
20
59
77
50
21
57
7
7
15
30
59
65
53
14
31
103
146
62
20
74
82
64
4
61
24
6
14
22
44
80
33
21
4
29
10
23
7
141
110
152
7
21
43
8
66
13
47
7
5
73
16
15
13
38
55
4
190
29
98
80
6
25
22
82
21
86
23
52
39
78
15
12
168
19
78
24
52
77
4
79
6
42
57
18
4
33
79
46
152
4
14
106
91
26
46
5
9
96
48
5
41
65
71
133
4
6
63
36
146
50
28
69
24
43
46
69
6
46
15
30
5
15
62
63
41
52
7
67
50
16
13
131
15
142
12
33
11
101
20
17
23
77
51
81
5
35
97
358
12
39
29
117
9
44
17
40
52
5
114
110
57
80
110
46
50
25
14
97
48
14
61
12
8
14
21
6
11
26
102
11
152
8
45
8
12
81
46
30
18
37
244
19
9
33
75
47
9
8
45
8
28
125
6
139
37
14
127
86
27
9
49
26
110
93
120
7
11
5
15
73
5
41
16
40
9
88
72
37
293
72
14
66
5
26
6
133
48
67
10
9
93
89
6
54
4
34
34
16
143
82
4
138
10
65
31
11
39
27
48
5
13
115
20
16
19
107
8
5
201
16
82
4
4
13
117
5
31
4
29
88
9
5
168
175
6
53
36
33
6
33
5
5
73
44
7
88
11
196
51
4
7
23
14
45
117
118
30
6
4
21
6
29
151
55
4
4
21
17
91
14
116
12
42
26
138
41
14
47
13
3
17
14
54
63
29
14
8
96
61
21
3
23
12
3
13
17
84
40
23
31
30
5
8
63
47
21
71
119
24
22
5
27
165
22
17
4
36
5
8
8
65
60
36
5
74
33
16
47
64
60
4
110
18
63
20
41
113
41
5
223
24
123
22
12
7
9
7
119
45
25
27
28
30
28
58
50
257
19
16
130
61
42
112
59
77
64
4
68
68
105
22
55
10
17
65
6
17
44
135
4
25
23
110
25
34
87
89
12
150
20
69
15
12
32
43
4
11
3
49
111
14
101
59
7
10
78
16
13
91
9
8
9
43
24
22
43
12
35
37
4
19
113
5
7
19
5
67
15
97
64
88
57
15
14
65
43
47
10
44
5
42
19
70
19
64
8
127
22
71
124
29
49
61
7
285
14
136
7
7
14
4
5
51
55
55
4
37
22
18
4
46
3
40
46
98
59
93
33
4
279
78
5
22
50
4
139
9
44
6
7
60
74
7
170
141
6
36
50
24
13
7
72
43
81
149
34
19
15
6
10
242
14
27
14
77
41
11
65
148
104
12
4
4
5
28
36
128
88
48
73
34
22
15
96
4
20
119
41
101
107
18
6
219
14
140
35
10
38
20
36
68
34
25
100
50
182
37
110
21
7
5
13
140
18
27
25
181
4
90
6
284
78
4
40
4
22
23
113
96
38
12
7
20
15
4
46
4
29
117
15
15
79
127
29
186
42
43
35
20
117
95
45
51
63
40
6
22
39
18
96
43
58
72
149
53
103
30
36
18
44
13
86
8
68
3
46
32
5
11
24
96
55
44
7
53
7
32
6
15
6
30
30
138
49
20
108
7
15
16
6
51
10
4
36
162
131
5
16
3
88
3
175
4
13
273
22
11
10
25
137
168
24
13
47
135
50
147
209
26
66
3
4
15
82
6
79
7
31
48
62
38
18
38
17
7
25
4
24
116
116
81
11
15
60
55
10
79
53
21
27
65
57
51
42
38
43
7
4
3
4
21
56
191
110
33
45
150
5
62
24
39
69
3
28
14
54
20
11
51
64
31
20
7
24
94
4
63
45
25
74
206
74
37
64
7
32
116
22
23
4
28
32
13
10
24
5
197
55
17
46
5
90
5
21
5
54
31
52
18
13
28
14
28
11
6
7
85
16
44
31
81
113
53
172
23
11
44
108
99
26
47
4
38
8
55
39
6
137
61
52
137
29
5
4
4
50
18
92
12
101
32
44
10
67
17
112
53
16
111
30
27
211
7
21
47
46
213
3
135
9
5
5
56
65
80
15
59
4
20
145
11
52
29
5
16
23
5
65
18
13
52
6
13
35
40
125
10
18
31
27
6
41
30
28
21
7
16
11
5
3
46
17
14
35
55
21
49
187
45
24
33
5
55
31
45
9
6
113
43
13
59
64
100
4
12
34
60
25
29
70
3
154
3
7
36
16
13
3
12
79
47
5
47
232
21
4
90
133
12
16
35
71
29
8
27
9
7
120
82
46
4
66
136
62
54
42
75
72
98
6
9
36
5
29
163
100
5
4
15
27
10
13
104
174
55
9
19
18
39
95
5
13
31
10
18
121
13
20
105
25
76
66
23
4
10
49
4
48
59
193
119
35
40
48
11
8
28
4
18
182
14
69
17
145
39
19
31
30
9
19
48
7
7
47
193
71
21
93
54
74
80
120
30
12
19
16
16
18
7
116
11
6
173
34
76
5
22
77
47
43
14
13
3
4
5
68
57
34
4
29
13
20
9
51
67
12
61
129
72
6
4
88
44
47
14
32
21
61
27
77
11
102
6
5
3
4
4
84
4
23
52
55
25
47
8
48
32
40
42
8
9
102
14
43
217
117
65
114
4
85
45
141
76
55
5
46
180
14
5
24
25
20
4
112
3
6
38
21
90
4
45
14
24
19
5
83
17
18
54
75
23
6
38
8
13
91
28
21
5
160
36
44
23
5
185
40
30
42
155
119
41
5
21
60
18
81
72
63
121
6
166
11
178
29
44
17
63
4
19
10
7
21
42
101
105
67
21
81
7
20
56
28
3
90
35
14
38
6
58
32
29
11
28
3
43
7
22
30
12
167
176
129
35
6
40
22
16
25
4
14
19
22
138
34
5
78
45
14
93
11
23
7
18
86
48
9
11
4
122
83
27
30
11
31
5
121
92
24
21
3
6
4
42
51
10
78
24
95
52
111
8
41
6
20
3
18
53
4
7
19
15
5
16
7
63
18
7
36
18
6
6
86
19
48
69
13
5
32
12
21
59
7
27
145
29
65
90
42
19
62
14
12
27
18
62
20
11
19
40
96
61
80
20
13
113
30
109
44
38
16
43
52
4
8
12
4
52
37
143
5
58
38
4
56
8
77
43
9
25
30
13
4
24
10
56
14
83
50
5
15
32
54
59
57
42
17
8
6
62
221
5
6
21
7
75
75
47
94
14
139
7
4
18
48
38
35
28
9
98
16
23
13
29
7
32
107
65
45
6
3
89
138
21
99
12
88
4
149
64
7
65
22
72
13
19
30
21
11
25
3
4
45
8
16
28
30
33
84
4
109
41
43
3
27
5
58
12
11
5
39
22
47
80
6
18
128
30
19
7
60
6
46
74
15
22
28
12
155
49
90
40
20
15
5
27
79
7
4
65
27
36
74
12
15
6
118
84
28
5
22
13
248
23
73
5
38
20
78
34
27
9
12
4
6
174
216
48
52
54
34
33
9
49
63
90
30
3
43
35
9
11
41
4
28
115
48
23
42
79
46
72
4
7
6
38
14
178
10
28
18
36
23
8
41
109
153
32
12
37
16
40
40
67
84
26
4
16
8
87
9
77
26
4
15
4
16
11
7
14
28
94
48
27
14
124
37
37
59
24
106
7
41
5
20
8
5
21
108
106
166
31
4
33
33
194
50
19
37
45
82
27
65
130
24
7
12
78
27
4
62
19
28
28
4
28
64
4
12
12
14
59
75
9
8
174
44
50
21
13
28
4
116
78
51
13
50
142
71
16
44
64
47
9
6
23
178
105
21
14
3
8
21
33
32
22
42
157
21
16
41
13
4
75
6
177
26
20
116
62
9
104
35
88
97
87
40
58
24
149
64
84
41
160
16
46
88
112
4
52
39
13
19
5
64
92
105
88
46
4
3
3
6
8
62
11
16
7
39
4
83
5
7
6
6
65
17
191
32
79
38
6
51
51
99
8
71
131
20
172
21
50
44
30
42
7
36
24
37
7
29
17
5
24
7
11
13
8
9
26
29
89
66
18
14
5
33
5
55
46
7
31
29
26
7
194
36
25
50
7
6
259
25
132
26
8
7
5
85
78
149
7
162
4
197
126
44
57
197
39
31
22
9
41
226
47
9
12
55
4
45
43
21
7
36
65
36
91
32
12
4
56
6
12
54
115
22
36
73
139
11
25
20
82
6
57
48
9
37
51
47
18
23
34
7
51
6
7
24
45
4
94
7
9
6
76
6
52
304
3
14
55
35
55
55
4
205
29
11
7
101
13
3
90
7
15
39
55
10
100
18
15
85
22
39
8
92
7
6
84
51
85
49
65
45
9
23
24
26
6
5
42
4
172
6
34
111
8
144
18
51
46
52
50
17
24
65
19
126
58
13
3
97
31
35
21
6
5
10
37
232
15
68
103
16
79
6
4
31
12
74
50
8
44
4
32
91
6
63
11
5
13
93
54
67
14
140
112
21
30
14
18
4
9
17
33
16
6
29
11
4
26
22
7
121
4
54
26
12
19
8
78
51
14
131
44
78
42
26
45
16
5
51
114
11
8
82
49
11
36
10
54
6
72
7
46
13
140
4
61
56
6
189
29
15
60
4
8
19
24
76
4
29
73
96
5
83
7
5
131
15
36
10
176
13
30
4
9
112
17
23
295
8
12
121
63
10
48
15
65
218
4
104
66
57
16
37
26
18
28
82
66
97
8
17
143
38
49
85
196
110
32
13
12
186
14
5
49
13
101
58
10
5
6
20
111
40
157
178
19
4
26
93
14
31
8
4
7
35
5
7
164
40
33
150
35
6
9
17
27
5
7
13
62
48
8
131
9
36
4
82
118
136
4
32
7
13
39
4
13
118
42
7
22
16
54
5
177
53
148
3
4
31
5
14
65
44
93
74
71
42
15
4
5
23
13
62
29
16
42
7
17
42
26
8
39
52
21
67
13
4
123
127
33
32
57
26
134
31
31
22
56
70
7
42
32
79
31
4
9
68
37
7
60
5
49
125
109
102
141
18
25
22
236
5
28
4
18
10
15
4
6
50
79
79
4
21
4
4
60
22
8
20
66
44
26
147
64
36
114
102
19
5
23
10
44
71
47
76
46
35
113
9
71
22
76
10
6
43
51
3
8
27
22
4
17
103
64
70
6
19
4
122
296
6
6
8
70
40
124
61
10
20
17
15
10
47
34
16
138
171
122
52
21
59
109
52
70
5
4
79
11
8
95
9
74
74
45
119
108
3
146
46
4
31
21
71
10
47
8
38
80
92
30
90
58
21
5
30
20
8
14
31
60
60
77
5
57
14
14
17
118
4
28
38
43
15
80
86
58
129
25
94
49
46
7
4
7
87
20
52
72
32
21
43
62
27
6
16
38
7
10
128
6
43
46
18
5
16
42
8
12
118
58
82
21
164
24
8
69
22
74
42
8
7
10
37
27
89
51
63
52
11
123
14
67
52
8
117
23
25
26
4
64
21
24
157
58
17
124
26
32
8
15
4
6
27
149
165
103
94
65
79
42
92
39
5
5
38
45
20
6
24
10
28
133
13
11
54
4
3
10
13
128
7
246
23
9
9
6
87
20
17
9
15
14
12
11
101
10
20
21
4
102
56
11
60
51
41
10
6
16
45
10
5
3
65
23
129
47
63
4
3
40
231
7
86
32
6
51
4
50
72
56
45
23
59
12
16
34
58
5
24
109
25
23
97
26
137
13
86
74
4
14
58
8
67
6
81
6
38
24
48
19
6
49
100
49
36
53
9
74
95
73
53
11
5
25
10
26
42
28
12
25
13
26
33
85
36
58
18
155
3
12
24
35
16
46
171
5
76
6
77
16
30
52
48
35
51
205
117
50
5
6
25
94
106
87
17
4
114
68
51
16
56
4
56
30
14
44
20
45
11
24
66
125
54
26
5
5
6
47
76
6
5
38
48
49
71
12
7
25
68
55
20
30
76
30
5
13
65
21
3
15
7
46
138
14
121
46
78
220
26
86
15
23
17
25
28
29
83
59
20
115
28
52
144
51
281
66
11
36
27
4
77
28
18
138
44
25
68
84
21
23
12
4
13
127
49
178
12
10
38
128
15
80
20
24
84
75
6
51
31
34
73
6
14
157
18
80
18
42
37
5
17
7
42
99
109
72
15
5
31
3
20
42
166
19
74
4
59
37
25
206
48
144
49
81
15
58
7
81
30
78
4
64
15
8
109
51
15
7
33
6
4
9
69
35
13
51
12
7
108
41
22
28
40
32
78
12
93
25
16
133
38
52
10
38
40
7
7
25
108
9
119
86
104
52
64
81
47
88
35
85
21
80
88
9
14
56
22
154
86
31
22
24
53
124
70
26
61
7
79
32
9
15
93
21
33
170
37
8
48
29
61
61
24
3
90
7
5
5
7
33
96
83
6
42
4
37
52
9
29
148
23
91
167
62
6
22
31
28
250
19
29
55
23
6
110
67
29
10
84
7
85
54
15
62
42
32
31
4
8
83
3
12
6
56
71
121
59
53
30
4
91
7
135
4
37
58
15
170
36
7
16
7
60
5
52
248
203
21
89
33
131
30
159
63
8
9
7
69
132
196
81
64
5
58
52
12
21
23
113
8
10
15
16
37
8
5
6
11
75
73
86
36
7
48
92
4
11
61
8
7
63
59
24
12
7
4
11
57
6
12
3
7
18
8
44
167
59
16
34
4
9
60
124
46
6
6
4
152
13
4
57
143
64
106
3
24
14
22
35
27
8
164
85
91
23
7
124
51
37
12
166
6
93
21
4
38
30
14
6
30
7
15
11
35
9
24
13
12
18
13
5
13
71
29
49
55
14
60
39
48
3
3
7
154
71
164
72
48
26
8
51
3
17
39
302
10
7
4
101
83
8
6
75
19
32
44
11
10
43
7
66
39
90
38
106
127
4
8
8
66
47
33
33
53
74
4
11
46
84
5
28
9
76
52
10
12
6
82
5
25
4
4
18
8
33
7
45
37
14
97
32
7
3
73
20
12
6
23
24
45
45
11
10
7
98
5
14
14
126
71
4
137
17
10
22
49
8
7
74
25
9
18
47
8
10
70
25
117
49
181
16
27
45
19
4
8
9
37
30
40
17
40
27
11
128
15
51
14
52
121
7
46
12
4
5
212
5
5
70
55
29
32
14
44
22
65
5
16
18
93
44
78
4
39
48
6
30
67
22
44
36
89
35
86
45
7
17
11
4
202
15
90
61
79
161
88
28
6
49
212
10
45
28
8
27
3
6
31
12
92
38
46
200
62
24
66
4
7
8
6
48
40
38
22
17
35
31
8
8
4
49
194
4
77
69
7
5
15
156
69
78
77
24
38
38
63
9
68
8
128
36
42
57
125
35
57
8
87
8
59
8
232
53
4
5
28
8
230
7
8
7
7
19
108
22
25
6
35
12
85
222
78
213
39
58
30
8
98
38
3
44
4
15
119
13
22
68
7
90
51
6
71
74
3
12
38
10
114
7
38
140
81
11
59
95
4
32
4
49
11
5
27
44
40
5
7
4
26
32
16
22
233
133
43
31
63
4
10
24
15
65
67
11
10
50
60
10
9
70
22
8
10
97
78
8
26
19
18
16
73
76
19
85
85
27
20
172
95
13
72
32
75
44
54
18
25
49
27
10
81
171
113
24
20
196
27
87
114
8
27
41
74
255
102
76
21
25
105
42
81
21
34
86
4
63
55
4
135
27
106
4
9
3
84
171
13
73
115
39
17
28
5
31
74
25
27
80
7
44
36
10
68
127
67
156
36
119
15
7
56
27
8
29
155
24
22
66
46
24
120
171
45
4
7
210
19
3
18
35
64
26
22
14
38
138
62
20
53
11
29
37
43
4
71
7
35
14
16
64
44
71
128
9
35
73
5
53
31
37
30
6
39
101
160
12
127
73
16
37
4
15
4
5
46
32
144
34
32
21
8
48
6
34
104
22
11
15
57
52
198
100
19
3
39
12
98
15
53
7
5
42
8
46
46
271
127
5
13
75
37
84
62
14
15
88
12
20
135
23
45
9
91
111
155
8
27
28
31
22
12
62
16
78
150
39
18
29
112
76
100
20
51
33
86
110
24
98
32
18
157
56
92
62
47
41
14
12
103
11
33
24
4
24
6
6
94
3
67
6
42
111
5
128
31
33
69
35
3
52
15
90
85
40
93
55
4
10
30
116
13
29
5
43
43
42
69
20
7
79
56
9
99
7
226
69
207
62
37
8
3
38
6
172
70
7
83
7
9
13
4
28
34
48
26
15
174
15
3
78
48
9
63
20
46
57
6
73
107
10
38
33
118
6
8
33
14
84
23
8
57
103
5
23
10
20
16
23
16
51
4
74
39
37
126
14
127
9
6
53
4
124
86
7
86
39
7
45
60
34
36
127
7
4
82
241
29
21
123
7
6
57
33
113
112
84
135
5
17
150
22
108
56
4
48
87
91
19
6
74
50
7
6
39
6
34
20
98
7
20
21
11
5
13
36
16
49
71
4
12
87
22
60
36
40
19
129
21
88
48
15
4
33
30
14
4
3
69
11
16
23
80
29
10
22
12
28
48
244
7
40
11
4
45
15
7
5
9
26
51
58
37
170
190
8
6
63
78
31
15
149
42
9
30
23
44
115
8
73
5
38
95
39
16
46
36
24
14
7
3
82
10
129
29
73
49
6
23
66
73
56
141
38
76
44
30
26
73
17
32
35
6
47
143
18
207
52
34
57
66
27
14
68
3
91
11
4
64
16
157
30
7
9
31
5
84
114
40
55
20
11
5
36
9
5
96
56
3
7
32
113
94
38
29
41
148
23
6
59
38
4
3
63
132
135
6
6
16
21
34
43
36
305
3
12
35
29
21
32
72
57
5
8
21
21
41
35
67
40
3
65
76
4
51
17
12
54
174
21
23
85
4
71
61
124
25
28
7
69
15
93
87
70
6
118
22
13
122
46
41
10
17
4
12
134
72
15
13
125
37
35
171
21
11
12
21
22
7
55
30
18
194
6
64
26
160
55
19
71
45
103
4
25
194
5
5
49
86
49
68
130
98
126
177
6
67
64
44
189
12
5
57
55
9
90
39
8
13
85
21
169
6
72
43
18
20
3
76
60
28
90
11
50
83
26
201
25
15
148
21
58
49
10
103
61
10
16
14
17
12
90
78
26
62
16
7
42
226
4
21
120
20
89
87
148
36
19
45
174
28
31
17
26
36
19
3
55
17
24
20
185
127
44
67
15
59
8
116
29
32
20
7
50
7
9
196
72
37
32
24
32
5
23
112
47
59
30
25
37
8
6
4
19
45
59
33
44
50
116
13
10
152
48
8
43
99
86
188
10
19
44
31
227
27
7
10
9
145
6
197
55
20
82
13
13
9
19
86
3
134
5
4
64
15
35
4
5
166
14
7
16
14
4
72
4
29
109
7
56
97
13
38
22
26
25
28
79
72
6
72
30
89
72
6
24
143
11
38
38
28
60
7
68
44
14
16
38
51
25
16
50
6
5
7
66
157
27
41
115
29
4
4
17
36
6
48
40
5
19
104
21
6
64
36
39
33
64
71
74
19
135
60
8
16
38
6
43
121
16
36
82
22
65
5
166
25
6
27
42
30
69
144
112
19
7
24
19
118
36
49
29
6
16
43
140
46
51
4
56
4
30
35
3
48
69
13
9
236
4
5
50
10
6
22
55
20
43
44
85
155
181
31
18
8
15
48
36
9
5
6
27
62
32
96
7
6
6
85
13
18
71
5
7
44
10
52
10
7
34
39
117
51
7
30
13
16
22
4
8
66
67
147
25
7
24
10
129
36
9
8
17
28
39
7
46
14
69
102
86
68
40
83
28
85
172
96
127
35
8
31
70
60
124
78
9
13
86
325
12
29
4
44
194
29
5
9
75
160
24
53
26
78
6
75
79
13
98
58
22
45
7
18
90
97
11
44
82
15
42
4
24
18
20
30
352
28
13
106
71
53
9
18
92
10
46
12
4
6
43
33
7
6
22
21
12
13
48
39
13
7
93
22
10
19
53
57
11
93
54
80
5
12
71
4
4
35
131
18
150
65
120
5
26
83
11
11
21
4
56
207
38
240
40
8
67
33
40
3
53
121
4
4
9
4
13
13
21
75
110
67
4
23
5
3
11
49
18
80
87
14
106
7
26
24
4
158
6
28
8
58
95
86
29
8
96
140
85
5
18
5
16
27
4
18
54
4
4
5
23
49
22
4
76
5
147
14
20
170
6
73
64
4
30
10
4
67
81
79
4
9
15
6
15
48
8
107
7
15
29
34
274
83
4
5
52
113
49
63
20
38
34
4
61
31
80
37
71
5
60
70
4
48
10
5
26
35
5
58
28
187
50
62
3
122
6
24
4
41
9
38
22
41
11
3
48
9
30
244
17
4
21
39
4
31
17
17
3
10
30
130
11
9
115
191
6
56
6
139
83
125
22
15
4
150
119
28
52
11
37
92
16
69
48
82
30
97
21
35
21
85
77
45
17
83
13
83
93
5
96
63
22
69
178
93
158
86
28
59
27
79
50
123
7
205
29
68
16
49
129
9
41
47
37
20
68
85
72
68
33
241
96
43
5
13
65
15
50
38
6
142
41
27
13
41
52
57
5
7
21
4
23
31
7
7
20
46
81
5
4
48
29
113
32
38
48
25
7
16
20
65
13
22
20
7
6
3
62
7
23
6
28
9
13
43
60
40
109
15
4
10
33
52
22
32
39
16
20
7
25
50
4
79
56
34
17
41
130
89
7
49
22
132
80
4
17
43
32
24
6
7
52
134
62
112
21
120
46
23
36
89
52
221
48
7
89
26
9
34
13
25
55
9
26
35
66
117
5
24
34
11
49
26
18
47
124
6
57
121
39
9
28
52
62
13
4
24
5
169
11
278
6
38
24
4
37
87
70
18
100
62
97
4
39
31
50
24
36
23
108
40
78
21
13
77
31
37
75
8
10
18
81
31
49
23
11
58
15
35
7
26
56
85
27
11
34
4
9
23
55
110
126
37
4
8
113
15
23
4
117
26
41
14
6
87
191
112
71
94
7
38
7
52
81
124
10
48
46
6
6
63
6
4
12
165
51
5
6
11
25
5
76
8
23
77
37
17
33
4
10
19
6
10
49
28
482
23
48
60
5
13
7
55
21
43
98
112
192
12
18
119
7
32
141
40
77
13
151
47
14
3
52
7
70
36
129
129
41
4
47
103
19
62
24
93
13
80
37
31
46
76
4
8
24
4
42
75
7
30
4
28
80
25
6
60
130
37
48
26
6
51
22
56
26
196
11
4
86
38
4
103
53
56
60
47
87
28
6
38
17
8
50
205
25
91
10
142
38
11
7
31
15
95
4
7
7
25
36
26
119
3
53
28
4
9
116
40
245
166
3
43
129
29
88
126
16
19
99
32
16
3
6
64
59
29
25
55
95
63
27
8
125
123
56
40
7
42
23
49
13
81
59
192
11
19
20
11
121
8
166
14
72
21
97
8
74
50
43
30
73
41
6
26
14
4
13
14
21
13
67
7
4
13
128
13
73
54
194
44
4
26
25
4
7
142
108
55
9
22
54
75
16
63
23
54
5
15
79
5
23
13
37
4
240
19
56
8
95
62
10
6
60
150
4
6
26
47
48
44
80
64
10
64
11
109
57
12
31
17
4
181
4
10
103
54
67
40
20
23
8
46
44
167
5
56
21
5
23
8
10
19
33
94
9
45
7
120
4
25
21
42
39
16
50
58
31
46
96
58
38
6
38
4
126
37
42
4
92
4
9
7
67
47
5
78
169
28
23
70
18
9
152
38
73
96
15
46
22
13
75
13
4
11
108
16
14
40
13
31
34
4
4
31
65
7
26
14
84
35
43
14
68
5
36
12
46
102
6
181
82
13
30
281
22
5
22
137
8
32
41
9
7
81
101
40
46
77
18
3
13
123
9
30
8
7
24
29
18
9
82
83
62
7
35
12
30
7
14
19
59
10
28
25
34
47
5
11
11
35
76
32
41
13
48
3
34
7
18
65
209
27
20
8
18
79
22
18
59
55
50
10
3
58
63
38
8
24
4
164
32
6
11
61
30
59
84
80
7
8
94
25
29
26
80
3
45
89
54
5
7
134
58
22
27
44
4
30
113
51
22
80
201
6
82
7
36
55
215
4
14
4
271
54
20
3
5
5
74
9
11
8
4
104
37
9
125
134
31
13
25
46
69
64
15
43
127
9
59
11
142
6
88
86
6
5
11
27
95
12
37
30
59
9
30
10
7
6
9
11
74
57
25
5
15
13
141
49
56
4
19
132
10
5
33
6
25
9
70
146
6
27
53
23
10
7
24
140
53
33
70
15
29
4
47
10
74
9
137
119
179
47
9
163
158
29
34
58
4
31
23
112
68
35
11
123
15
5
161
5
108
64
97
9
10
127
38
55
45
40
8
4
142
3
28
14
8
23
137
8
26
6
89
21
39
29
31
22
15
37
118
207
21
43
56
4
5
72
49
23
9
201
7
23
105
21
4
14
18
61
10
14
64
106
76
44
28
4
46
119
10
55
33
16
62
9
22
54
6
142
67
17
87
22
19
92
125
11
55
14
34
16
58
86
21
7
89
66
206
117
42
20
17
8
25
92
171
54
61
11
10
18
9
29
19
51
17
12
38
22
29
22
31
69
103
23
10
29
26
162
53
7
3
106
43
5
79
106
21
51
10
35
33
9
4
38
42
10
26
221
52
155
18
84
45
170
13
242
56
95
10
11
19
3
88
54
44
14
140
212
40
7
17
30
44
82
11
26
21
77
80
4
129
3
11
40
26
47
4
52
23
61
30
10
42
109
20
4
28
9
45
5
209
59
5
12
91
45
30
43
92
12
24
37
14
34
61
12
16
25
18
77
24
93
12
42
10
29
33
8
99
7
90
4
17
19
8
36
7
12
105
8
30
67
40
12
32
38
19
134
29
56
12
60
53
11
10
16
73
30
27
5
16
7
116
77
57
78
136
91
4
12
7
36
13
70
12
6
47
9
13
30
42
17
67
22
44
37
3
45
34
55
22
4
300
45
33
88
119
88
27
25
23
16
10
58
4
5
28
4
35
60
15
6
159
94
53
63
8
8
45
40
83
8
16
28
54
128
74
90
28
35
54
19
125
23
92
150
25
8
35
27
5
31
46
60
12
217
12
8
27
77
30
12
42
79
3
4
8
6
11
13
9
9
11
183
76
8
52
50
12
109
54
5
24
27
197
4
35
68
59
96
29
4
16
55
127
218
4
11
47
15
18
37
9
43
64
4
89
65
9
67
244
142
118
131
45
43
51
21
45
4
4
12
136
22
34
140
55
144
88
10
64
7
6
8
26
100
156
17
12
56
52
7
15
60
17
65
6
128
4
8
76
31
46
19
99
59
29
41
4
50
83
21
28
26
34
7
4
19
23
111
94
15
16
47
52
119
9
23
88
7
69
265
33
25
64
12
3
92
25
116
3
4
15
20
24
95
4
7
90
5
43
64
44
12
145
14
84
21
31
80
71
57
38
13
82
62
4
191
108
8
93
119
216
29
47
29
53
21
259
29
141
11
7
140
8
58
112
21
339
6
27
27
103
60
107
5
36
30
164
41
99
29
107
6
76
12
82
19
61
8
31
41
74
4
36
150
85
4
102
5
65
114
9
91
60
23
6
22
3
5
106
55
6
11
4
66
272
39
25
17
270
106
11
22
26
88
6
246
68
40
4
132
101
55
4
5
37
24
16
50
16
125
6
61
50
82
130
19
81
6
6
46
59
15
17
19
41
48
13
7
18
3
3
22
37
15
27
4
87
31
95
84
195
169
3
7
9
24
25
12
45
24
32
14
4
22
34
191
82
82
157
98
22
12
53
121
14
3
16
11
86
167
26
69
186
19
3
112
12
63
28
75
271
31
17
28
5
16
8
19
157
87
25
14
10
143
160
10
13
7
51
19
14
3
91
84
80
29
79
40
13
11
72
34
106
7
34
20
5
43
204
63
56
62
5
6
10
8
151
75
12
138
7
98
81
106
30
32
42
23
44
24
190
130
12
38
78
123
144
75
3
6
79
38
107
21
11
5
59
8
54
4
18
35
95
67
126
98
16
28
11
105
4
55
40
7
52
108
7
4
33
45
20
23
8
17
44
47
12
23
13
4
38
40
8
26
46
50
9
9
32
48
83
49
78
115
3
44
58
54
85
91
7
43
8
174
25
31
31
59
58
5
99
47
77
109
177
48
119
11
32
76
18
74
7
15
32
5
39
17
139
37
47
5
21
68
53
112
11
61
84
68
18
39
50
44
35
51
13
68
6
19
4
4
14
78
16
33
34
9
47
7
8
8
10
11
53
47
42
18
26
5
52
66
11
76
152
26
6
53
73
47
66
36
8
64
38
3
58
66
29
7
12
86
6
80
22
34
57
193
72
97
47
19
6
31
15
18
101
15
141
14
5
48
151
12
51
9
140
5
100
113
10
24
3
40
5
6
36
9
19
11
19
10
6
10
18
8
11
15
24
10
53
83
87
52
85
9
96
88
64
39
23
11
28
69
84
28
32
45
252
33
39
21
160
42
44
7
5
4
30
54
4
41
22
30
18
41
12
73
36
191
39
39
5
60
45
38
5
18
43
16
15
3
132
14
60
34
11
21
13
111
34
3
103
80
15
17
14
131
70
111
7
52
8
38
5
8
67
4
9
66
17
80
15
7
8
6
13
171
25
16
10
23
38
87
73
145
58
17
8
65
12
21
9
106
16
22
5
137
212
7
63
10
5
39
72
4
42
10
43
21
239
12
101
29
21
33
18
4
5
14
8
5
18
29
114
8
15
51
29
108
19
119
5
34
21
113
7
56
45
35
5
78
24
20
22
7
28
49
8
36
7
40
17
8
33
24
17
7
6
78
45
7
7
35
13
206
11
89
30
13
82
104
25
82
8
35
13
18
136
31
185
5
45
36
6
12
69
17
37
10
25
5
8
5
20
14
98
23
25
18
45
37
97
83
79
3
6
5
120
10
4
34
47
53
91
27
36
79
47
13
180
76
13
8
89
75
72
29
32
4
7
7
10
80
36
3
66
19
7
75
142
10
59
6
11
124
9
53
18
232
3
44
21
81
96
102
8
61
36
121
14
58
108
22
26
20
97
89
14
59
52
73
80
6
74
32
3
114
76
10
4
243
141
38
3
68
15
19
37
5
8
33
14
14
4
42
62
26
27
9
32
10
268
4
43
18
4
132
145
60
19
43
45
7
24
37
8
34
73
7
39
69
5
64
5
19
170
40
21
27
6
6
8
73
14
109
9
63
125
16
19
33
29
3
40
29
141
85
4
48
15
13
6
41
4
7
62
8
87
7
65
53
5
52
33
130
8
3
62
20
7
50
81
18
14
23
24
35
12
46
75
7
21
23
7
14
49
3
7
27
17
96
4
7
44
18
7
36
6
26
4
55
110
124
31
54
3
29
28
19
4
65
10
7
20
180
8
26
6
5
25
17
6
14
9
13
6
44
31
71
45
86
86
52
15
136
104
29
9
119
33
32
19
110
19
10
112
112
13
146
57
31
12
6
243
15
134
75
21
46
17
83
106
38
84
4
80
4
8
28
36
89
97
9
61
101
52
67
44
67
11
112
18
46
56
43
68
7
90
40
26
37
12
17
8
107
167
142
355
60
47
6
66
98
8
12
23
12
29
26
27
107
115
7
14
14
43
27
41
18
17
47
23
46
69
56
12
8
38
66
9
28
9
80
53
93
17
23
4
54
5
86
133
136
217
4
38
5
90
176
98
69
67
106
45
105
57
43
4
25
6
71
12
4
80
14
84
16
117
148
22
12
27
76
7
9
190
20
237
11
4
116
26
23
58
3
15
92
177
25
273
31
19
7
68
18
21
160
10
26
10
33
3
21
19
47
29
26
14
33
46
6
4
61
34
186
17
40
43
28
14
38
15
4
5
59
36
38
27
23
60
25
112
51
40
105
27
7
6
53
83
58
44
20
10
128
115
79
85
24
30
167
38
12
7
7
26
205
16
36
7
28
17
152
136
7
6
66
123
113
80
19
20
35
41
26
22
4
62
12
40
69
5
76
4
40
36
10
68
75
26
10
10
4
5
23
4
29
7
70
81
22
119
88
128
14
80
9
49
200
167
61
7
9
4
89
67
53
99
12
4
12
139
27
24
19
74
122
47
17
3
7
52
24
288
33
13
4
27
35
229
64
18
4
4
85
28
13
22
15
92
53
72
5
191
10
47
7
59
5
75
33
16
128
66
21
20
37
5
3
20
118
72
6
6
31
4
9
16
30
34
30
110
46
25
63
74
72
29
63
43
56
130
14
19
22
16
11
115
4
85
40
6
26
6
70
147
28
44
8
5
147
35
71
203
142
113
27
6
153
11
40
122
8
5
132
43
40
14
42
7
166
20
20
54
35
5
20
74
5
14
36
10
3
102
24
98
11
17
12
26
5
7
10
99
9
5
3
4
10
6
141
36
132
53
72
6
9
8
34
53
94
29
7
103
7
56
14
10
87
224
4
73
71
117
3
14
78
14
17
35
95
5
40
9
62
13
8
24
7
73
9
17
49
42
43
197
6
144
97
4
5
22
31
5
49
20
3
35
157
60
19
7
19
37
3
40
39
12
133
82
44
77
37
49
35
52
4
27
19
270
7
5
116
20
142
8
4
183
24
7
22
74
107
87
72
5
75
14
91
185
82
17
95
8
32
92
89
76
25
53
68
6
73
30
61
23
15
138
79
173
62
13
81
64
45
71
11
25
3
34
90
18
12
43
7
80
86
81
59
7
6
123
130
42
5
102
11
97
40
27
4
126
80
9
24
10
162
63
156
63
35
53
29
52
6
22
38
91
4
62
16
87
57
7
33
47
13
69
13
19
12
15
15
74
44
77
120
48
157
14
82
82
18
4
173
20
31
45
36
7
99
4
10
9
5
4
16
7
109
26
37
57
7
161
13
9
16
3
65
50
22
42
197
7
117
8
4
20
5
282
28
117
174
5
29
73
7
14
64
113
14
191
27
7
14
4
55
6
6
87
14
12
86
162
16
108
4
84
8
44
125
17
82
223
8
32
42
211
28
28
7
25
4
56
10
46
75
5
65
80
6
48
82
126
30
58
5
35
40
204
81
109
88
11
57
132
94
33
57
28
12
187
7
11
8
106
21
5
44
52
17
36
61
12
33
6
19
315
13
99
11
159
6
7
3
38
116
40
53
21
4
7
32
129
30
71
21
211
54
151
30
53
37
163
6
73
63
18
128
4
40
4
12
7
7
30
8
120
20
188
143
5
43
62
120
10
6
36
49
7
78
69
52
51
41
52
161
34
80
19
7
22
65
4
36
10
5
29
17
43
53
23
52
16
7
20
4
13
87
100
155
16
10
13
4
49
52
15
150
30
68
207
19
9
11
111
13
25
5
6
39
39
29
34
42
87
9
6
10
43
7
59
13
7
27
43
71
16
16
15
28
30
48
71
31
93
188
191
128
17
74
6
6
109
11
9
13
79
83
130
7
88
48
30
26
17
64
27
11
16
5
48
5
37
91
14
73
87
190
41
18
10
18
28
84
70
7
8
6
25
10
9
10
15
13
115
20
76
12
6
27
43
82
24
9
39
21
45
6
21
102
76
3
7
15
105
58
36
18
45
62
30
59
39
10
48
16
39
13
7
44
16
67
12
60
8
72
16
120
89
44
44
38
173
89
4
30
87
5
157
9
62
39
24
8
84
9
44
174
62
67
7
70
83
40
7
51
91
6
38
116
5
6
27
21
58
38
8
45
5
46
29
30
42
47
62
17
70
19
108
27
233
8
64
88
5
63
76
172
88
52
88
10
10
88
12
10
4
17
20
7
12
31
7
39
30
3
22
4
55
5
40
5
97
4
29
135
18
123
44
18
89
48
26
25
168
87
10
97
50
63
39
68
71
70
84
42
67
70
110
143
15
189
39
22
31
105
19
137
63
75
4
16
149
30
51
78
68
5
117
7
4
74
72
28
5
121
214
27
71
248
5
12
8
59
19
18
148
75
65
43
35
90
7
30
94
29
30
67
52
42
74
5
13
8
4
11
58
3
43
33
34
54
168
13
19
4
12
65
14
86
100
39
24
71
19
4
56
10
13
32
24
24
83
9
11
51
94
19
144
24
5
10
74
34
17
24
42
62
54
21
72
36
138
21
3
17
5
60
5
182
28
35
11
99
4
7
55
4
39
47
28
83
21
8
104
13
60
19
26
94
35
71
62
45
25
30
11
5
6
17
18
8
23
33
35
54
140
8
15
53
15
114
134
41
28
5
13
54
67
55
36
5
59
72
16
18
40
59
10
79
6
10
18
145
8
275
144
63
240
7
52
5
4
9
82
14
19
59
3
3
3
19
12
122
4
19
16
65
10
39
27
8
12
4
59
6
91
5
44
50
86
50
4
12
4
9
15
7
71
40
81
5
12
4
7
36
106
18
27
11
20
18
46
79
5
157
66
49
58
43
98
13
163
69
61
15
19
152
46
10
88
102
55
16
45
37
4
18
59
250
37
21
110
96
154
129
173
9
7
119
45
130
59
19
125
66
5
21
30
44
24
68
7
45
4
106
52
5
23
27
84
7
81
40
15
20
88
76
52
35
6
9
152
13
14
32
18
30
19
18
56
85
48
35
5
23
5
64
10
49
143
122
5
8
72
4
41
7
42
162
6
4
161
53
6
37
9
126
66
30
5
8
3
105
6
17
14
12
93
16
39
8
118
53
99
52
71
21
36
134
51
3
31
120
13
78
225
3
44
32
39
35
31
69
10
21
18
88
20
75
133
11
20
80
9
55
42
10
88
47
44
46
119
53
26
87
20
45
8
96
3
93
76
47
24
6
39
111
15
142
75
38
6
6
112
48
92
45
60
30
23
6
102
312
129
290
78
9
7
12
30
11
90
33
46
23
16
13
29
49
45
6
13
42
157
9
43
167
11
89
131
200
80
27
12
115
8
99
89
21
71
45
10
128
8
87
43
13
11
54
29
26
9
78
14
12
78
7
108
59
11
17
11
132
84
85
10
19
51
127
13
12
76
99
3
29
115
8
22
5
55
100
7
32
72
44
12
9
16
115
73
74
32
14
145
5
10
39
34
26
51
4
97
87
72
5
13
33
84
26
65
6
8
7
16
31
60
112
6
36
116
226
8
17
21
5
19
150
8
4
85
24
37
24
28
60
33
5
8
58
117
98
135
51
59
172
4
10
17
82
60
27
130
200
19
81
6
77
123
8
9
41
25
5
187
10
130
17
13
16
48
4
14
6
12
147
135
3
9
23
29
15
24
9
35
158
11
7
10
119
10
18
13
12
7
9
172
9
92
12
8
11
44
35
14
46
6
22
35
17
44
72
115
61
4
18
21
30
54
26
3
17
27
34
65
94
119
23
65
19
18
12
66
14
4
6
137
196
16
74
9
31
9
58
98
29
33
48
59
14
5
16
114
19
4
6
21
162
62
20
12
40
29
89
68
9
14
71
5
4
14
61
13
111
43
32
96
17
11
24
244
121
20
7
5
129
97
33
15
44
8
8
138
4
41
58
125
7
49
152
30
128
29
21
13
71
19
10
17
25
74
20
16
8
46
140
40
204
46
10
11
163
29
63
5
8
62
5
16
66
8
4
19
145
26
4
51
18
106
39
62
29
5
4
218
6
34
69
4
91
15
165
7
84
72
6
33
10
89
11
143
26
31
73
40
17
19
13
10
82
10
66
89
13
20
131
8
39
4
137
54
63
32
21
7
82
5
4
45
41
24
35
13
73
8
148
3
53
44
51
6
26
22
56
23
106
7
19
153
64
12
20
197
28
92
59
36
5
11
18
6
87
18
49
7
12
9
27
9
32
12
142
4
10
78
7
16
95
228
53
18
61
13
7
56
76
139
21
57
11
41
143
4
117
120
118
5
37
87
100
9
6
46
15
54
50
213
4
91
6
5
3
54
120
63
15
103
30
29
102
50
171
171
5
82
105
3
107
9
218
88
115
7
13
7
14
6
38
71
13
25
27
121
50
14
143
86
19
33
77
4
60
6
18
44
14
26
120
145
82
4
19
118
128
49
10
35
13
18
19
36
14
6
13
107
5
58
51
6
10
11
58
5
28
17
14
45
45
10
134
4
31
24
5
58
21
12
35
57
26
7
10
12
4
45
102
8
228
4
10
7
56
87
61
22
7
82
18
67
88
8
96
36
25
4
21
21
196
78
30
70
79
43
40
87
76
64
106
44
48
5
138
42
36
105
23
50
9
20
22
23
70
76
13
53
12
144
17
42
23
56
10
86
89
84
177
4
9
58
24
78
12
46
9
22
31
64
74
7
59
83
55
9
5
67
93
4
46
41
94
179
8
34
20
5
24
10
14
28
95
132
97
6
3
49
53
105
135
7
49
86
48
93
33
14
61
48
6
9
127
93
59
137
32
126
15
9
83
20
7
15
26
6
5
8
6
36
58
24
30
7
68
8
123
93
31
103
38
63
59
17
8
83
182
26
11
30
4
47
37
5
18
21
13
78
71
14
6
42
26
15
20
120
53
19
63
202
12
4
22
31
11
5
11
180
35
31
4
62
11
26
49
43
6
117
7
20
6
51
79
12
85
33
7
9
96
61
117
188
12
239
11
13
59
28
49
106
14
42
148
50
177
57
7
89
56
56
4
35
34
80
136
92
38
50
3
19
57
5
101
3
30
22
26
10
11
79
3
30
17
8
22
21
44
32
20
46
128
72
138
56
38
44
19
17
80
59
13
31
54
5
28
63
35
60
14
131
5
19
14
13
64
144
78
79
6
7
23
36
21
42
28
14
77
8
45
106
28
199
5
7
13
24
44
10
44
78
60
26
134
31
7
47
29
13
4
7
24
33
29
56
97
24
35
18
6
9
20
90
75
73
98
27
71
127
11
5
11
43
135
21
83
69
25
21
26
32
93
21
5
59
114
4
31
182
5
22
19
93
15
6
15
85
85
30
41
8
94
20
40
19
6
11
27
60
29
20
21
35
125
20
31
32
21
47
75
11
9
22
16
25
5
4
7
52
153
38
33
35
57
64
13
9
37
4
26
71
55
5
77
65
33
48
12
26
40
4
107
26
6
32
52
53
22
21
13
11
145
114
23
139
120
38
12
40
65
101
166
34
52
7
14
4
28
29
14
63
40
31
7
5
80
13
16
12
86
14
82
66
146
13
28
15
7
68
157
12
124
63
5
81
10
13
65
128
41
23
29
28
10
101
49
33
49
96
7
93
233
135
12
9
13
74
10
65
14
34
42
10
4
37
82
4
54
82
22
109
57
15
31
3
66
18
13
34
4
7
54
34
13
21
92
59
10
4
75
6
37
111
155
14
87
