7
2
2
6
2
2
2
2
2
2
28
2
2
19
7
2
20
2
2
7
7
2
2
2
2
2
2
2
7
2
2
2
2
2
12
2
7
7
40
2
2
2
2
2
7
7
7
2
7
6
2
48
2
2
2
2
2
95
2
12
2
7
2
2
2
2
2
10
6
2
22
19
7
2
2
7
12
7
7
2
11
2
2
7
95
2
2
7
2
2
76
7
7
2
2
2
7
7
2
216
2
2
2
2
2
2
2
2
2
7
369
2
2
2
16
2
7
2
2
7
11
2
2
2
2
82
7
7
2
2
10
7
2
12
2
2
2
2
2
2
2
6
7
2
7
2
7
2
7
7
2
2
2
7
2
2
2
2
7
2
2
2
7
7
6
2
2
12
7
2
165
2
7
2
12
7
7
2
2
2
7
7
2
7
2
2
7
2
6
7
2
2
7
2
40
2
2
7
2
7
2
14
10
2
2
7
7
2
2
2
2
7
6
456
12
2
7
2
2
7
7
16
7
7
7
36
2
57
2
7
2
12
2
2
7
2
12
2
7
2
2
2
20
7
2
2
2
7
2
2
2
2
2
345
2
95
7
7
7
7
7
2
2
19
7
2
103
2
2
2
2
2
7
2
7
7
19
7
7
2
48
2
7
7
12
7
7
48
12
7
2
2
2
7
7
2
7
36
2
2
2
7
11
2
7
7
2
2
7
7
2
2
2
12
48
2
2
6
2
2
2
7
7
2
7
7
9
2
6
7
2
2
7
341
2
2
2
972
2
7
7
2
7
2
121
62
2
6
9
7
2
7
6
16
2
2
7
2
2
2
7
2
2
7
6
2
12
2
2
7
7
2
2
95
2
2
2
7
12
2
7
7
2
2
2
2
2
7
2
2
7
240
2
2
11
2
7
2
2
2
6
2
2
2
2
7
2
7
11
12
2
2
7
2
7
7
7
7
2
7
7
95
2
36
2
2
7
2
7
2
95
7
2
2
2
2
16
2
20
2
19
2
6
2
2
2
7
7
7
6
7
12
2
2
7
7
2
2
2
2
2
7
2
7
6
7
7
2
2
7
2
7
2
12
7
2
7
75
2
7
2
2
7
2
7
7
7
2
2
2
95
2
40
7
2
2
7
7
2
2
2
2
2
2
7
7
2
299
2
2
2
2
2
11
2
2
2
2
2
7
10
7
2
6
2
7
2
2
7
7
229
118
7
2
12
2
361
2
2
2
7
2
343
99
7
2
2
2
12
7
6
7
7
7
7
2
2
12
246
2
2
7
2
7
12
6
6
12
2
2
2
2
2
7
7
7
2
2
2
7
2
2
7
2
6
83
2
6
2
2
2
2
7
7
7
7
2
7
7
2
7
7
2
7
2
2
2
2
7
2
2
7
2
7
2
2
16
2
2
2
2
2
18
2
2
7
2
2
7
7
7
7
2
2
2
2
2
2
7
2
2
95
7
2
2
2
6
2
7
2
2
2
7
2
2
16
7
2
2
2
2
7
2
2
2
2
7
2
2
7
12
2
6
2
2
7
2
2
2
2
2
2
7
144
2
2
7
2
7
2
2
7
7
7
7
2
7
2
2
2
2
2
2
2
7
7
7
7
2
2
7
2
144
2
2
11
2
2
2
7
2
2
2
2
17
7
2
2
2
2
2
2
12
112
7
2
7
270
2
2
7
2
6
2
2
2
2
11
7
2
2
2
2
7
2
7
7
2
2
2
7
2
12
15
7
2
2
2
13
2
2
2
2
7
7
2
2
12
2
2
7
44
6
2
193
2
12
2
7
2
7
7
2
2
2
11
12
2
2
7
2
2
7
2
2
7
2
6
12
2
2
6
7
2
7
2
95
2
2
12
2
7
2
79
2
246
2
6
2
2
2
7
2
7
7
263
7
19
2
2
972
2
2
6
2
6
2
2
2
2
2
7
2
986
95
2
7
7
7
2
7
2
2
2
7
2
7
2
7
2
2
2
2
7
2
37
7
2
2
2
181
2
2
6
7
2
2
7
7
2
7
7
7
7
2
2
2
2
7
7
2
189
2
2
7
2
7
7
10
165
7
2
12
2
2
2
2
2
7
2
7
2
210
2
7
2
2
2
2
2
12
2
2
2
15
2
7
7
2
2
7
6
2
2
2
7
7
12
95
2
2
26
7
6
2
2
2
2
2
2
2
6
7
6
82
11
2
2
7
2
2
7
2
62
22
2
2
2
2
2
2
7
6
2
7
2
2
2
2
7
6
2
7
2
2
2
2
2
2
2
2
2
7
2
2
7
6
2
95
2
7
2
2
7
2
2
7
2
7
391
2
7
2
2
2
2
7
2
7
2
2
848
7
2
2
7
310
7
2
2
2
2
139
7
12
7
2
2
7
2
6
2
2
7
2
7
12
2
12
12
7
2
20
2
32
6
2
7
2
7
332
12
2
2
2
2
6
7
2
2
7
2
2
7
7
2
7
7
2
2
2
7
2
2
2
165
2
40
2
13
6
12
2
12
7
96
2
2
2
7
2
95
424
2
2
7
2
2
2
7
2
7
2
2
2
2
2
2
2
7
2
2
2
2
2
848
2
7
7
28
2
2
2
6
2
15
6
2
2
2
12
2
6
2
7
2
2
2
7
7
2
2
7
2
2
2
2
2
7
2
2
2
2
7
7
2
7
2
2
2
2
2
2
2
7
7
12
2
7
7
2
2
2
2
7
2
2
2
12
7
6
2
7
133
2
2
7
11
2
2
7
7
2
7
7
2
7
12
2
2
2
95
2
7
7
7
2
2
2
2
7
2
298
165
7
2
2
2
2
2
2
6
20
2
2
2
2
7
2
7
20
36
2
40
2
2
2
2
7
7
7
2
2
7
2
7
12
2
2
7
7
7
2
2
2
6
7
7
2
7
2
2
7
2
2
2
7
2
2
2
6
189
2
2
2
2
2
2
95
2
2
7
20
6
2
2
2
7
2
7
7
95
2
2
7
2
2
2
7
2
2
7
7
14
7
2
18
2
7
2
95
6
2
7
2
2
2
7
6
2
2
7
2
2
2
7
2
6
7
2
7
2
2
2
7
7
7
7
95
2
7
2
7
7
7
2
12
2
6
2
2
2
2
19
95
2
7
2
7
2
2
33
7
2
2
95
7
36
2
2
7
7
7
2
2
2
7
2
2
2
7
7
2
2
7
2
7
2
2
2
7
2
7
7
2
2
2
12
2
12
2
7
2
2
2
2
2
2
2
7
2
7
2
7
2
2
10
7
2
2
2
2
2
95
2
2
2
2
2
2
2
7
7
2
7
7
2
7
6
48
2
95
36
11
2
2
7
7
40
2
12
2
2
20
14
2
7
7
2
2
2
2
457
255
2
2
7
95
2
2
2
6
7
2
2
7
2
2
7
2
7
2
2
7
2
2
2
2
2
2
7
7
2
2
857
2
2
2
7
7
7
2
20
7
12
16
2
2
2
7
2
10
6
2
6
7
753
2
2
2
2
7
2
2
2
7
2
2
2
2
2
12
2
2
2
263
2
2
6
7
6
7
12
7
7
2
7
7
36
36
12
2
2
2
48
7
2
2
2
82
2
7
80
2
7
2
322
7
134
2
2
7
2
2
2
7
7
2
6
12
7
7
2
7
7
2
7
95
2
2
2
7
12
2
7
7
2
2
2
2
7
2
7
19
7
6
7
2
2
2
2
2
2
2
2
7
7
2
2
2
2
2
7
2
2
7
20
2
7
2
7
7
2
7
7
7
2
7
11
7
7
99
2
7
2
7
2
7
19
2
2
2
7
7
2
2
2
7
2
2
2
6
2
7
2
2
7
7
2
6
2
21
7
2
7
347
7
2
2
16
2
2
2
2
7
2
2
11
2
2
2
170
2
2
7
95
2
2
48
2
2
2
2
2
2
2
2
2
2
6
2
2
2
6
2
2
2
2
7
7
7
2
7
19
2
2
7
7
7
2
2
2
2
2
2
95
7
48
7
2
7
7
2
2
2
6
7
7
2
2
2
7
2
2
2
2
48
7
7
7
2
2
7
7
2
7
2
12
7
2
7
7
2
2
2
2
2
2
2
2
2
7
7
2
2
2
7
12
2
17
2
2
7
7
2
7
7
2
2
16
7
7
2
95
2
2
7
2
7
2
20
2
7
2
2
7
2
2
12
2
2
2
12
2
2
2
10
2
2
7
7
7
2
2
7
2
2
2
7
2
2
2
2
7
229
2
2
7
2
2
7
2
7
7
7
2
7
2
7
2
2
2
2
2
2
2
2
7
6
2
2
2
7
2
7
2
7
20
298
2
95
4
263
2
2
7
7
2
7
7
2
2
7
7
2
7
2
6
2
7
12
2
7
2
2
2
2
2
7
2
12
6
7
7
7
7
11
7
2
2
2
2
2
2
2
2
95
2
7
7
2
116
7
2
2
10
2
2
7
2
7
2
6
2
2
7
12
2
2
2
2
2
2
2
14
6
2
2
2
7
2
2
2
19
2
2
6
2
248
12
2
20
2
36
2
7
2
2
28
2
214
2
7
7
7
2
7
7
7
7
7
2
298
7
2
2
2
2
6
2
2
2
7
2
7
2
42
7
2
7
2
2
7
2
95
2
2
2
2
2
2
7
7
2
7
7
2
2
6
7
2
2
2
36
2
2
2
7
7
2
15
2
7
2
2
2
20
7
6
6
2
2
2
2
2
12
2
2
7
2
7
2
2
7
2
7
7
7
2
7
2
2
2
2
7
95
2
2
299
2
2
7
2
12
7
2
6
2
2
7
28
7
114
7
2
2
2
2
6
2
2
2
6
7
7
12
7
2
19
2
12
2
7
19
2
32
2
2
7
7
2
12
2
2
2
12
7
2
6
11
7
2
7
2
6
6
7
2
2
6
2
2
2
2
7
2
2
2
2
6
7
40
6
2
189
2
2
2
2
2
2
7
7
2
2
2
2
2
7
7
2
2
95
6
2
2
7
2
2
2
7
2
6
60
2
2
2
95
2
6
7
2
2
2
7
7
2
7
2
2
7
2
2
11
7
2
2
2
7
7
7
2
2
2
11
2
7
16
2
7
7
2
2
6
7
2
7
12
2
2
82
6
2
2
2
2
62
2
6
2
2
7
7
7
2
2
7
2
2
2
12
2
7
2
2
95
2
7
2
2
7
6
2
6
2
2
2
95
7
2
2
2
2
7
7
2
2
7
2
2
2
2
2
7
2
2
115
2
7
2
2
7
2
2
2
6
2
7
2
2
7
2
84
2
2
12
2
2
2
7
7
7
2
6
7
2
2
2
2
2
95
2
2
16
7
6
95
7
2
6
7
2
2
2
2
2
2
2
2
2
2
7
2
2
2
7
12
2
2
7
7
2
7
2
2
2
2
7
2
2
7
2
2
2
7
7
7
2
2
7
2
7
2
7
2
12
2
7
2
2
2
7
6
2
7
2
2
7
2
2
2
2
2
7
12
2
7
7
7
6
7
2
7
2
2
2
2
2
2
7
6
2
7
2
2
2
2
7
2
2
7
2
2
2
2
7
2
2
7
2
2
2
7
2
7
2
7
2
2
2
2
2
2
2
7
2
2
2
2
10
2
12
2
95
7
2
7
2
7
7
2
2
7
2
7
7
12
2
2
6
7
36
177
2
7
7
2
2
2
130
2
7
7
7
2
2
2
2
2
7
7
2
7
7
6
2
7
2
2
7
16
2
2
7
2
56
7
2
2
2
2
2
7
7
9
137
369
7
9
20
2
2
103
2
7
2
168
2
7
2
2
7
12
7
7
2
7
2
7
2
7
2
13
2
6
2
2
2
2
2
16
2
2
2
95
2
2
7
2
2
2
20
2
2
11
7
95
6
2
2
12
7
7
20
2
2
2
2
95
2
2
2
7
2
2
2
2
2
2
7
7
2
2
2
2
2
7
2
2
7
2
302
2
2
59
7
7
2
2
57
2
2
7
7
2
2
2
7
95
7
2
2
2
16
12
2
62
2
2
2
425
2
2
6
7
2
7
2
150
2
2
7
2
2
57
36
2
7
2
7
7
7
12
2
20
2
12
7
7
2
2
2
7
2
2
7
2
2
2
2
2
7
2
2
2
2
2
7
2
2
2
2
95
2
7
7
2
2
2
2
7
2
2
6
2
7
2
2
2
2
2
2
2
7
2
2
7
2
7
2
7
7
2
2
2
2
2
7
7
2
2
113
2
2
2
263
7
2
2
7
2
2
7
95
2
2
7
2
2
2
7
6
2
2
2
7
7
7
2
2
2
7
2
2
7
7
2
2
7
7
2
2
2
2
2
7
2
2
324
2
2
2
2
2
2
2
12
2
7
12
2
2
2
2
2
2
7
7
2
2
6
36
2
7
7
7
2
7
2
6
7
7
7
7
2
40
7
2
2
2
2
2
12
7
2
2
2
2
2
2
6
2
2
2
2
2
2
7
7
7
7
2
2
12
7
7
2
7
7
2
2
7
16
7
2
7
7
2
2
2
7
7
7
2
2
2
2
261
2
19
6
2
6
2
6
2
6
2
7
2
12
2
7
7
2
7
7
7
2
2
7
7
2
310
2
7
2
233
2
2
19
2
28
2
10
36
2
2
7
2
7
7
2
2
2
46
2
95
7
7
2
7
7
2
16
7
2
2
7
2
7
12
2
2
12
2
2
7
2
2
2
2
2
7
6
25
2
2
2
2
2
2
2
2
7
7
7
2
112
112
2
2
2
7
2
75
2
7
7
2
2
6
12
7
2
7
7
2
2
2
2
2
2
2
2
2
2
7
2
2
7
2
2
7
2
2
7
7
7
7
2
7
848
7
2
7
7
2
12
2
7
2
7
2
2
16
7
2
2
95
7
23
2
2
7
2
7
7
2
7
7
7
7
11
7
7
2
2
7
7
7
2
2
2
2
2
2
2
2
16
7
2
2
7
12
7
2
2
7
2
7
7
7
7
48
2
2
7
7
2
2
19
7
2
7
2
2
7
7
2
2
95
7
2
204
2
2
7
2
7
2
2
7
2
2
2
473
112
7
2
12
7
7
2
6
2
2
2
7
7
2
2
2
7
2
2
6
2
2
2
2
2
2
2
2
91
2
7
2
19
2
355
2
263
2
7
6
7
81
10
7
2
12
7
2
2
7
2
7
7
2
2
2
2
7
7
18
2
2
2
7
2
2
20
6
7
7
2
2
7
6
95
2
7
2
7
7
11
2
7
2
2
2
2
2
2
14
7
2
7
2
7
2
6
2
2
2
6
12
2
2
2
7
2
2
6
7
2
2
95
2
6
134
7
2
12
59
36
7
12
2
2
2
7
2
7
7
48
13
2
7
2
12
2
2
2
2
13
2
9
7
2
2
7
48
309
2
7
6
16
2
2
2
7
2
7
2
7
2
7
6
2
7
2
2
7
7
2
2
19
2
7
7
6
2
2
2
94
2
2
6
2
2
2
7
236
2
2
95
2
2
2
2
2
2
2
7
2
2
2
48
7
2
6
2
2
95
16
7
2
7
263
2
2
7
7
7
2
2
2
2
2
2
12
7
2
2
2
7
7
159
7
2
2
2
12
2
7
2
2
2
457
7
2
7
7
6
2
2
6
2
7
2
2
7
2
2
7
2
7
2
2
7
2
2
95
12
2
2
2
2
11
7
7
2
2
2
40
7
2
2
7
2
7
95
2
7
2
2
7
7
2
310
2
2
16
2
7
7
12
2
2
7
7
2
2
82
2
2
7
2
12
7
2
7
7
2
2
2
2
2
2
2
2
2
2
2
2
2
2
134
2
2
7
7
7
2
7
7
7
7
7
2
7
2
7
2
2
7
2
2
2
7
6
7
7
134
2
2
6
10
7
2
2
7
2
7
2
2
2
7
2
2
7
2
48
2
2
12
2
2
2
12
189
7
7
2
12
7
7
2
2
2
6
321
7
2
7
2
7
256
6
2
7
7
2
19
2
7
2
2
12
2
331
2
10
7
2
2
12
2
2
2
7
7
7
2
2
7
2
2
2
2
36
7
7
2
2
2
2
7
12
6
2
2
2
7
10
2
7
7
2
2
2
2
2
2
7
59
12
7
2
2
2
7
2
12
2
92
2
2
2
7
6
2
2
2
12
2
7
2
2
7
2
2
2
2
7
2
2
2
7
7
6
2
2
7
48
2
7
7
2
7
7
7
20
2
2
2
7
2
19
16
2
2
2
2
7
7
2
7
2
7
2
2
7
7
12
2
7
96
2
2
2
2
2
7
7
95
7
7
2
7
2
12
2
2
2
2
7
7
2
2
2
2
7
2
2
7
7
2
16
6
7
7
2
2
7
7
82
7
2
2
2
2
2
7
6
2
7
7
2
2
7
2
2
2
2
2
7
2
2
7
2
2
2
2
2
2
2
7
2
7
7
25
2
2
2
7
10
20
2
2
2
7
95
7
2
503
7
2
6
7
6
2
7
7
2
2
2
2
7
7
2
2
7
12
11
2
48
7
2
2
95
6
6
2
2
2
2
2
2
7
2
104
7
7
11
67
2
2
2
7
2
2
7
2
2
7
477
2
2
2
7
2
2
6
2
12
2
2
48
2
2
7
7
2
2
36
7
2
2
2
2
7
7
12
2
7
2
37
2
7
2
57
2
7
7
7
2
11
7
2
2
7
2
14
7
7
2
2
12
2
95
2
7
2
7
7
2
7
2
2
12
2
7
16
7
2
2
6
7
2
40
2
7
2
7
2
2
2
7
2
12
2
2
10
2
2
2
7
7
352
7
7
2
2
2
7
2
2
2
95
321
9
95
7
2
7
7
2
7
2
2
2
2
2
19
7
7
2
7
2
12
2
6
2
2
413
7
11
2
2
2
2
2
2
7
7
95
2
2
7
7
2
211
12
2
2
7
23
2
2
2
36
7
2
2
12
2
7
2
130
52
7
7
12
2
2
2
7
7
48
2
7
2
7
2
2
2
7
7
7
2
2
2
40
2
7
2
2
7
7
2
2
12
2
2
7
2
2
7
2
7
2
7
7
7
7
2
7
2
12
7
7
2
2
7
7
2
7
2
2
2
2
2
7
2
2
2
2
2
2
2
2
12
2
19
2
2
95
2
7
2
6
2
2
2
19
12
2
2
2
2
7
2
7
2
2
2
2
2
2
7
2
2
2
2
2
2
2
2
2
2
7
7
312
95
6
7
26
2
36
95
2
36
6
2
2
2
2
2
361
2
7
7
2
40
2
2
2
2
2
2
2
10
2
2
12
11
2
2
2
2
2
2
7
2
2
2
7
2
7
7
2
9
7
2
2
7
2
2
2
7
7
7
12
2
7
7
246
9
2
1108
7
7
10
2
2
53
2
2
2
2
2
2
7
2
7
2
2
7
7
2
7
2
2
265
2
40
2
7
48
2
2
19
2
36
2
2
7
2
14
7
2
7
2
2
7
2
7
7
75
2
2
64
2
2
7
212
2
189
601
7
2
7
2
7
2
2
2
2
2
12
7
2
2
6
2
12
2
2
16
2
2
2
7
7
2
2
2
2
36
7
2
2
2
2
2
11
2
12
7
2
2
2
2
12
2
2
99
2
2
2
2
2
7
2
7
7
2
2
2
2
95
2
2
2
2
2
7
7
7
2
7
2
7
95
12
2
12
2
2
2
2
2
7
2
11
2
2
2
2
2
134
2
2
2
333
2
6
2
95
221
16
2
23
296
2
2
11
2
2
12
7
2
7
7
7
2
7
2
12
11
7
7
95
2
6
2
7
12
2
210
2
2
7
2
2
7
7
2
2
2
82
2
2
2
2
2
2
2
2
12
7
2
20
7
2
12
7
7
2
2
2
2
12
189
2
2
2
2
2
7
7
2
7
12
2
7
2
95
2
2
2
7
7
2
2
310
2
2
2
2
7
2
12
2
2
10
2
2
7
2
7
165
2
7
2
2
2
2
7
7
7
2
17
7
2
7
7
2
2
2
2
2
9
7
7
2
2
2
12
101
7
2
2
2
2
7
2
7
2
2
7
2
2
19
7
7
12
2
2
2
2
2
2
2
6
7
7
2
2
2
2
7
2
2
2
2
2
263
2
7
2
7
7
2
2
2
2
7
7
95
2
2
2
6
12
2
2
2
7
2
2
20
2
2
2
7
53
2
7
2
848
2
2
7
6
2
7
7
2
7
2
2
2
7
2
7
2
7
2
2
2
2
2
12
2
2
11
2
7
2
6
2
2
7
2
2
7
50
7
6
2
2
2
7
2
7
7
10
2
29
2
2
7
2
6
2
7
2
2
7
2
2
7
7
2
48
11
2
7
7
2
2
36
2
2
7
2
7
7
2
7
2
2
96
2
2
2
2
2
12
2
2
2
2
2
2
2
95
7
2
2
2
7
2
10
12
222
2
2
7
11
7
2
2
21
2
2
2
2
2
52
2
2
7
2
7
2
7
2
7
40
2
2
2
2
270
7
473
2
2
2
2
2
2
36
19
2
7
6
2
2
2
2
2
2
2
12
2
7
12
2
20
7
113
7
2
2
2
7
9
2
2
7
12
2
2
211
2
2
7
2
2
7
16
7
7
7
7
19
2
2
12
2
2
71
7
2
2
12
2
7
7
2
95
48
16
2
2
2
2
2
2
7
2
2
2
2
2
12
2
2
7
7
2
7
2
2
20
2
2
95
2
7
7
2
7
6
7
7
2
2
2
165
2
2
2
7
7
2
134
2
2
2
7
7
2
95
2
2
7
2
2
2
7
2
2
7
95
75
2
2
13
12
36
7
7
36
2
2
7
6
2
2
2
2
2
6
7
2
7
7
2
7
2
2
2
41
7
7
2
7
2
2
2
7
2
7
7
2
2
2
10
2
2
2
2
2
2
2
7
2
2
12
7
2
2
2
719
7
2
2
2
2
2
7
2
2
2
11
36
48
2
7
7
2
2
2
2
2
2
2
95
7
7
2
2
2
38
2
2
7
62
6
2
7
7
7
2
2
7
7
7
7
95
7
7
2
48
27
2
2
2
7
6
566
2
7
2
2
2
2
10
2
2
2
2
2
2
16
7
2
2
2
2
7
7
2
2
2
10
2
2
52
7
364
7
2
197
2
2
2
7
2
2
7
263
2
2
95
7
7
6
2
2
2
7
12
2
7
2
2
2
2
7
7
2
2
2
2
2
2
12
2
7
2
2
2
7
2
2
7
2
6
2
7
2
7
2
36
2
2
2
7
7
7
2
95
7
2
2
2
7
2
2
7
7
2
2
100
2
2
6
7
19
48
2
2
2
7
2
7
2
7
12
7
2
2
6
2
7
107
2
2
2
7
2
11
2
2
15
2
2
2
7
23
7
7
2
2
7
7
11
2
2
2
7
7
2
2
6
2
7
2
2
7
2
2
2
2
2
7
2
2
7
2
2
2
7
2
7
7
7
7
2
2
429
2
2
6
19
2
2
2
7
7
7
7
95
7
2
2
7
6
7
2
2
7
7
10
63
2
7
95
2
2
2
7
418
2
2
95
2
2
2
2
2
7
6
2
2
2
7
2
7
2
95
7
7
7
2
2
7
2
2
7
2
26
2
7
20
2
2
2
2
2
7
2
2
7
2
7
2
7
7
2
2
12
2
270
2
2
12
7
7
7
2
2
2
7
2
2
7
7
2
7
2
2
2
2
7
2
95
2
2
30
2
246
7
7
2
2
2
2
2
2
2
2
14
2
2
2
2
2
7
2
7
7
7
2
2
11
7
2
2
2
2
95
2
2
2
7
2
7
12
7
6
2
7
7
2
2
2
95
2
2
1170
727
7
2
2
7
12
2
2
7
2
2
2
2
7
7
10
2
2
2
95
2
2
2
2
2
2
2
95
7
7
2
7
2
2
2
2
2
2
7
2
2
7
7
7
6
2
7
2
2
2
7
7
12
2
2
2
2
7
7
2
7
2
2
2
6
7
7
2
2
10
10
7
36
7
95
2
7
2
12
40
7
6
20
10
7
12
2
6
2
2
7
2
2
7
2
2
2
2
2
11
2
2
2
2
7
2
7
2
2
189
2
2
2
6
7
12
2
7
6
12
7
2
16
2
7
2
11
2
2
7
2
6
2
2
7
14
36
2
6
2
7
473
28
7
2
7
7
2
2
2
7
7
7
2
2
7
2
12
2
7
7
2
7
2
7
6
2
2
7
2
7
7
7
2
2
2
2
7
2
2
2
12
533
2
7
2
303
2
7
7
7
2
7
2
112
2
2
2
7
102
2
7
7
2
2
12
2
2
7
7
6
7
2
2
2
2
12
7
2
7
2
7
2
2
16
2
11
7
7
12
2
2
2
12
2
40
2
2
2
95
2
12
6
6
11
2
45
2
2
7
2
48
2
11
2
7
2
7
2
2
2
2
2
19
2
12
2
2
11
7
7
2
2
2
7
2
7
2
2
7
12
2
2
2
2
2
7
2
12
2
2
7
7
2
26
2
7
2
2
2
12
2
7
2
6
7
2
7
2
2
7
119
7
2
162
7
2
6
2
4
2
2
2
7
11
2
7
6
36
2
7
11
2
2
2
12
6
2
16
2
2
2
2
2
2
2
2
277
2
7
95
7
7
2
2
2
2
2
2
138
2
2
48
7
7
2
7
2
2
7
12
2
2
2
2
7
7
6
2
7
7
7
6
7
28
7
2
2
7
2
2
2
7
2
2
222
7
12
2
2
6
2
2
19
7
2
2
2
2
95
2
2
2
2
99
2
2
2
2
2
2
2
2
7
12
7
95
12
2
7
2
2
11
7
2
2
2
20
7
2
2
96
2
2
48
2
7
189
2
2
7
12
36
2
2
2
2
7
12
7
2
2
2
2
20
2
2
7
2
2
2
95
99
2
95
7
7
250
2
48
2
2
7
2
2
2
2
28
2
2
2
2
2
2
2
2
6
434
7
2
7
7
7
2
2
2
36
7
2
2
2
2
122
7
2
12
2
2
36
2
7
2
12
19
2
7
2
7
7
2
2
7
2
2
2
7
2
2
2
116
7
2
12
2
2
2
2
2
2
7
2
7
2
2
2
7
2
2
2
2
299
2
7
6
7
2
12
7
7
2
2
7
6
28
2
7
7
2
2
2
2
2
7
2
2
2
2
7
7
12
7
2
7
2
7
2
2
2
2
12
7
12
7
12
2
7
2
12
7
2
2
7
7
2
2
2
2
2
2
16
26
7
2
7
2
2
7
7
12
2
7
2
2
7
2
2
7
19
2
2
2
6
2
7
2
7
2
2
2
2
174
2
7
2
7
2
2
2
2
2
2
2
2
6
2
6
2
2
2
2
2
7
7
2
2
2
2
2
2
7
95
2
2
7
2
7
2
2
2
2
2
2
2
2
2
2
36
2
2
7
7
2
2
2
6
7
2
2
2
2
7
7
7
7
95
2
2
2
2
2
2
7
2
7
7
2
2
2
2
281
12
2
2
7
7
2
2
2
2
2
2
2
2
7
7
2
6
7
7
7
7
2
7
12
2
11
2
7
2
2
2
2
7
7
7
12
7
2
2
2
2
7
95
12
2
2
165
2
12
7
2
7
2
2
7
2
7
7
2
2
2
2
17
2
2
7
2
7
2
12
2
2
2
2
7
2
95
2
7
2
7
2
7
2
2
2
2
2
7
466
11
7
2
2
7
7
2
12
7
7
319
2
2
2
2
7
2
6
7
7
2
2
2
7
2
2
2
7
7
6
7
7
2
2
7
2
2
36
2
2
2
2
7
2
2
2
2
2
2
12
2
2
12
7
7
2
2
2
2
2
95
2
12
2
2
7
2
848
2
2
2
7
7
2
7
7
2
2
7
16
211
2
7
2
40
2
2
283
7
2
2
2
2
2
2
2
7
48
2
7
2
2
23
274
2
2
2
2
2
7
2
19
2
2
2
2
6
2
2
2
2
2
2
2
7
2
7
7
2
2
12
2
7
36
12
2
2
2
7
2
2
2
14
7
2
12
2
2
23
2
2
7
2
2
7
116
7
2
2
28
12
7
2
26
2
7
30
2
2
7
7
95
7
2
12
2
445
95
2
7
7
7
2
7
2
6
7
2
2
2
7
2
2
2
2
7
2
2
2
7
2
2
7
2
7
2
7
7
2
112
2
2
2
2
7
7
2
2
7
7
2
7
2
2
7
6
2
2
2
2
2
2
2
2
7
7
12
2
147
7
2
7
2
7
2
2
2
2
7
2
13
2
2
2
7
7
2
2
7
2
2
2
95
7
7
2
7
2
2
7
167
2
2
16
2
48
2
2
7
2
7
7
2
6
12
2
2
2
2
7
2
7
2
2
2
2
2
2
32
2
2
95
7
2
2
2
136
7
2
2
2
12
7
11
2
2
7
7
2
12
2
2
2
2
7
95
2
7
2
2
62
7
7
6
7
2
2
7
2
2
7
12
2
2
7
2
2
7
6
7
2
7
2
2
2
2
2
2
2
10
7
7
2
7
7
2
7
2
7
2
2
2
2
2
12
2
2
2
12
7
48
2
2
48
6
7
95
12
2
28
2
2
7
2
7
2
6
2
7
10
9
7
2
73
7
36
2
2
7
2
2
2
2
2
2
2
2
2
7
7
7
2
6
20
2
2
2
95
2
2
2
7
2
7
100
6
7
7
7
7
2
2
7
2
2
7
2
7
7
2
2
2
7
2
7
12
2
28
2
7
2
7
12
7
7
2
2
7
2
7
7
7
2
2
2
95
2
2
2
7
2
2
2
7
7
2
2
2
2
2
2
2
7
2
2
2
7
10
6
2
95
7
2
2
2
2
7
2
7
2
2
2
2
2
7
7
7
2
2
2
2
11
2
2
2
2
7
23
2
2
7
7
16
2
7
2
2
2
2
7
7
2
2
7
7
2
2
6
2
2
2
2
7
6
2
2
2
2
7
7
7
2
2
6
2
7
19
7
2
2
7
7
2
6
2
2
7
12
2
2
6
2
12
7
2
7
7
7
7
2
2
592
2
95
2
46
2
2
2
2
2
7
59
7
2
2
7
2
2
2
192
7
7
7
16
2
151
2
2
95
2
2
2
2
6
7
7
2
2
2
2
12
2
2
2
6
2
7
7
7
7
2
2
7
7
2
7
2
2
2
7
2
2
7
7
2
7
2
2
2
7
7
2
2
7
2
2
7
2
7
7
2
7
7
2
2
2
7
2
7
2
2
2
7
7
7
56
2
7
7
2
2
2
2
2
2
2
2
7
2
2
6
2
2
6
2
7
2
2
2
2
2
2
2
2
2
2
2
7
6
2
2
2
2
6
2
2
2
2
36
2
2
2
2
2
2
6
2
10
2
2
7
7
7
2
7
2
19
6
194
12
2
7
2
7
7
2
2
17
7
2
95
2
7
2
7
2
12
7
2
7
7
2
7
134
2
7
6
2
2
11
2
6
2
2
2
7
2
2
9
2
2
7
6
2
7
2
260
2
2
2
2
7
2
2
2
2
12
7
2
7
2
473
7
2
6
2
2
2
2
11
2
2
7
7
2
7
6
2
2
2
2
2
7
2
7
7
112
434
2
2
7
7
7
7
2
7
7
7
2
156
2
2
2
2
2
2
2
10
2
7
7
2
2
2
2
2
7
7
6
7
2
2
7
2
2
2
36
2
7
6
7
2
2
7
7
7
7
7
7
2
2
2
2
2
7
6
2
2
12
2
2
2
2
2
2
7
2
7
28
2
2
7
167
12
2
2
2
2
7
57
2
2
7
2
6
36
7
2
2
2
12
2
2
7
7
2
7
7
2
2
2
16
6
48
2
2
7
2
2
2
6
2
2
2
2
95
2
182
2
2
36
2
36
2
6
7
7
2
2
2
2
7
2
2
2
36
2
2
2
7
2
95
2
7
2
2
2
7
2
2
99
2
2
95
95
2
2
2
2
2
7
2
7
2
7
7
2
2
2
2
2
7
7
2
2
2
12
2
2
7
7
2
2
7
7
19
7
7
2
11
2
2
2
7
7
2
7
2
2
2
7
96
2
7
7
2
46
7
2
7
2
215
7
7
7
7
2
2
2
2
2
2
2
2
7
2
7
7
2
7
2
16
7
14
7
7
2
7
12
7
2
7
95
16
2
2
7
2
2
2
7
40
7
7
2
2
7
7
7
2
2
12
7
2
2
2
7
7
2
7
2
7
2
95
2
16
2
7
2
2
7
2
2
2
2
2
6
7
2
2
7
12
7
2
2
7
2
2
2
2
2
7
2
2
2
16
7
2
2
2
2
6
2
7
7
2
11
7
7
2
7
7
12
2
2
2
6
2
7
2
2
7
468
2
2
2
7
7
2
2
2
2
2
2
62
212
25
2
12
58
2
2
2
2
2
2
2
7
2
2
7
263
34
2
7
95
2
7
12
7
7
11
2
12
7
2
7
7
7
2
2
2
2
7
2
2
7
2
7
2
2
2
2
6
7
7
7
7
37
251
95
2
2
36
2
7
7
2
2
14
12
7
7
9
7
7
2
7
278
2
7
2
2
2
2
7
2
2
12
2
7
12
2
2
2
2
2
2
2
18
2
2
7
2
12
2
2
2
2
7
2
2
2
2
2
7
2
12
7
2
12
2
7
7
2
2
2
2
2
11
7
2
2
7
7
2
7
7
7
125
2
6
2
2
2
2
12
2
2
2
2
2
2
2
12
2
2
2
7
7
7
2
99
2
6
2
2
2
6
2
7
2
2
7
2
2
2
2
2
2
2
2
2
2
2
7
2
7
12
2
2
2
12
2
6
2
2
2
2
2
12
7
2
7
7
7
2
2
2
6
7
7
2
2
2
7
2
2
7
7
7
2
7
2
2
7
2
2
2
2
2
7
7
2
2
7
2
2
7
7
2
7
7
7
2
7
7
164
12
2
2
7
2
7
82
2
7
2
7
2
2
2
2
7
2
2
2
2
2
7
7
6
2
7
2
2
17
7
2
2
7
13
2
2
2
11
7
2
7
7
2
2
2
2
7
7
2
7
7
12
2
7
2
2
7
2
2
7
2
2
2
2
2
7
2
14
2
7
2
7
2
2
2
2
7
2
2
7
2
2
2
6
2
2
2
7
2
2
2
2
95
2
2
2
7
7
2
141
7
2
2
12
7
2
2
2
2
2
2
2
2
7
7
6
7
2
2
7
7
2
2
2
2
29
7
7
48
48
36
7
7
2
52
12
2
2
2
7
2
7
2
2
7
7
7
34
2
12
2
2
7
7
2
7
53
7
2
2
2
7
7
7
2
7
99
2
2
165
12
2
2
2
7
2
2
2
88
7
7
7
2
2
2
2
20
2
7
2
7
6
2
11
2
2
7
2
7
2
2
7
7
7
2
2
2
7
7
7
2
2
2
2
7
2
2
7
7
7
2
7
306
12
2
7
2
216
12
12
2
7
7
2
16
7
7
7
2
229
7
19
7
2
7
7
2
2
2
7
7
2
7
2
20
7
2
2
2
2
2
189
2
7
7
2
2
2
2
2
7
2
40
2
2
2
7
2
2
2
12
2
2
2
2
2
7
2
7
2
2
2
7
2
12
2
2
7
2
16
95
2
2
53
19
2
2
287
2
2
200
2
2
2
7
2
40
2
6
2
2
2
2
2
40
6
7
7
2
2
2
12
2
2
263
7
2
2
2
7
12
7
2
2
2
7
32
2
2
2
2
36
12
2
2
7
7
2
6
2
2
2
6
2
2
95
2
2
7
2
2
102
2
7
2
2
2
2
2
2
2
2
2
193
2
7
7
2
2
2
2
2
2
2
2
2
7
2
7
7
2
7
7
7
2
2
7
2
2
2
2
7
7
7
2
36
7
11
7
2
2
2
6
95
12
7
7
2
2
7
7
2
7
2
7
2
2
7
2
7
2
7
7
7
2
7
2
2
2
7
2
2
7
2
2
2
2
36
2
2
2
7
2
11
7
62
7
2
7
7
7
2
7
2
2
2
2
7
211
2
7
7
11
2
2
2
2
7
2
32
7
95
6
2
2
2
7
2
2
2
6
2
2
7
2
2
2
7
12
7
2
2
7
2
7
2
2
7
2
2
2
7
2
20
2
2
2
2
2
7
2
7
2
7
6
2
2
7
7
2
7
7
2
7
2
2
2
6
7
2
7
7
2
848
100
6
7
7
12
2
2
7
7
2
7
7
2
2
2
2
2
7
7
2
2
7
551
2
7
2
2
2
7
7
2
2
2
2
7
7
2
7
2
2
7
2
2
7
12
2
2
2
6
2
7
2
2
2
7
6
19
2
6
2
2
2
7
7
2
7
2
2
7
234
2
2
2
7
7
2
7
2
7
2
2
7
2
2
7
2
7
2
299
7
2
2
7
2
2
2
2
2
7
2
16
2
7
7
7
7
7
2
2
2
2
2
2
7
7
7
12
40
2
7
7
2
11
437
7
7
7
2
7
2
7
2
844
7
7
2
7
2
2
7
2
2
2
2
2
7
2
2
7
12
2
2
7
7
12
7
7
16
2
7
7
298
9
12
2
7
7
2
36
2
2
7
7
2
2
2
7
2
7
2
36
2
2
2
2
7
2
7
7
2
2
7
7
7
7
10
2
2
19
6
2
2
7
6
2
2
2
159
95
9
2
10
2
177
2
2
7
2
2
7
7
7
2
2
263
7
2
7
11
6
2
10
2
6
2
7
7
7
299
12
7
2
7
2
7
7
2
7
2
2
28
2
2
7
2
37
2
7
2
7
7
7
7
2
6
2
2
7
139
2
2
7
2
2
2
2
12
2
2
7
2
12
7
2
12
2
2
7
12
2
2
2
2
2
95
2
2
7
7
7
2
2
2
7
2
75
2
2
299
7
7
7
2
270
2
2
7
2
2
7
2
2
2
12
2
2
7
2
2
7
2
2
2
2
95
2
7
7
12
7
2
12
7
6
2
7
7
2
2
2
2
2
2
2
7
16
6
2
7
2
2
2
2
2
10
2
7
2
7
2
2
2
10
2
7
2
7
7
2
2
7
2
2
2
2
2
2
7
2
2
2
2
12
7
2
2
2
7
7
7
2
6
7
2
2
7
2
2
2
48
7
460
2
2
2
95
7
17
2
2
186
2
2
2
7
2
7
7
130
2
7
7
2
2
2
2
7
2
2
2
2
2
7
2
2
7
2
7
7
2
2
2
2
2
7
12
7
7
7
2
249
2
2
12
2
2
2
7
2
7
2
2
2
12
2
11
7
2
6
7
2
7
2
2
7
7
2
12
2
2
2
2
7
2
12
2
2
2
2
2
7
2
2
7
7
7
2
7
2
2
7
12
7
7
2
2
2
7
2
7
2
36
2
7
2
2
2
7
2
2
2
2
2
7
59
12
7
2
2
7
2
7
2
2
2
2
2
2
7
7
7
7
6
2
7
2
48
2
2
7
2
2
2
7
2
7
7
2
2
7
7
12
7
2
2
130
7
20
2
2
20
7
222
7
2
7
7
7
95
2
7
7
95
32
2
2
2
2
6
2
7
65
2
11
2
2
7
7
2
2
48
2
7
2
7
2
6
7
2
97
2
2
48
7
6
2
2
7
211
7
2
7
2
7
7
2
7
2
2
2
2
2
6
11
2
2
95
7
2
7
7
19
7
2
2
2
7
2
2
6
2
71
2
12
2
2
2
7
2
19
12
263
2
2
7
2
2
2
7
2
2
6
19
2
2
2
2
2
12
2
20
2
2
12
7
7
2
2
7
6
2
2
7
7
164
6
2
2
2
2
2
2
7
7
2
2
7
2
2
7
2
19
16
32
2
2
2
2
2
2
36
2
2
2
7
2
7
7
7
12
2
6
2
12
2
7
10
48
7
2
2
2
9
6
2
2
2
2
2
7
2
2
7
6
2
2
7
7
2
2
2
7
2
7
2
2
2
2
7
2
7
13
2
2
2
7
2
65
2
2
7
7
2
7
7
2
7
7
7
2
6
7
7
2
189
2
2
12
2
2
6
7
2
2
7
2
2
2
7
2
7
2
2
7
7
7
2
7
2
2
2
2
11
2
2
7
2
2
2
6
11
2
2
2
7
2
7
263
7
7
848
2
2
2
2
2
2
2
2
2
35
2
2
2
7
2
2
7
2
2
7
95
7
2
2
2
2
7
16
7
2
2
2
2
2
19
2
6
2
2
2
2
6
12
2
12
25
7
7
7
2
7
2
2
243
130
7
2
7
2
2
2
2
2
2
2
2
2
2
2
19
7
2
12
6
2
2
2
2
2
2
12
2
2
2
2
15
12
2
2
299
7
11
2
2
7
2
2
7
2
7
7
7
2
165
2
7
7
7
2
2
2
7
6
2
246
7
2
7
2
2
7
2
7
2
2
7
6
7
2
2
2
2
7
7
96
7
2
2
2
7
2
7
2
2
2
7
7
7
2
2
7
7
7
2
7
2
2
2
2
48
848
2
2
2
7
7
95
7
2
2
373
7
2
6
2
19
2
2
2
109
2
2
2
2
2
2
2
7
2
11
2
7
7
2
2
2
95
2
95
2
11
11
2
2
2
2
7
2
2
20
7
2
7
2
20
9
2
2
2
7
20
7
2
2
2
6
2
141
2
2
2
2
7
7
95
2
2
7
7
7
2
7
7
408
2
2
2
7
2
15
7
2
12
2
883
7
2
2
2
7
7
7
2
2
7
2
2
7
7
2
2
2
2
7
23
2
2
2
7
2
2
7
7
2
36
7
2
7
2
2
7
2
2
7
2
2
7
7
2
2
7
95
7
2
2
2
2
2
2
7
2
7
89
7
2
2
12
2
69
7
2
7
7
7
2
7
2
2
12
263
36
2
2
2
7
7
7
12
2
7
2
2
7
7
59
7
2
2
2
6
2
6
6
2
2
7
2
6
2
2
19
40
2
7
2
7
2
2
2
2
7
7
2
7
2
2
36
2
2
2
2
7
7
2
7
9
2
7
96
7
2
2
2
2
2
2
7
2
2
7
2
2
2
2
2
2
7
7
2
7
2
2
7
7
7
2
2
2
2
7
2
2
7
2
2
2
7
35
2
2
7
2
2
7
2
2
2
6
2
2
2
2
7
2
2
11
2
7
7
2
2
2
7
36
12
2
2
9
2
12
7
2
2
7
2
299
2
234
7
2
2
2
2
2
2
7
2
2
246
12
2
2
7
2
74
2
2
2
2
2
7
24
2
2
7
2
7
2
7
147
2
7
49
7
7
2
2
2
7
2
2
7
2
2
2
2
2
7
2
2
7
7
2
2
7
6
2
7
7
7
7
155
2
12
48
7
2
2
6
2
2
2
2
10
2
2
2
7
2
95
7
7
6
2
2
2
7
2
2
2
2
2
2
7
2
2
2
2
2
2
7
2
2
95
12
7
2
2
2
95
2
2
2
7
2
2
7
2
7
2
2
2
7
2
19
7
2
7
2
2
2
2
2
2
7
7
2
48
28
2
11
2
93
7
7
7
2
6
7
7
7
2
2
2
2
7
7
7
7
2
7
2
12
12
7
2
7
2
7
9
11
2
2
2
2
12
2
40
7
2
2
2
7
2
2
2
2
2
2
7
11
2
2
2
2
2
2
2
7
2
2
12
2
7
2
2
2
6
87
2
6
134
6
164
296
12
12
7
56
7
56
2
6
7
2
2
2
2
2
99
2
12
95
2
7
2
2
7
7
165
2
7
2
2
2
7
6
2
2
652
2
95
2
2
19
2
7
2
2
2
7
2
11
255
2
2
2
2
2
2
2
2
2
2
2
6
7
6
2
12
7
2
2
263
2
2
2
2
2
7
7
12
7
7
2
7
7
2
2
103
2
2
2
2
95
7
12
11
6
2
2
2
2
7
2
16
2
2
2
2
2
7
2
2
7
6
7
7
229
2
2
2
229
2
2
2
2
2
2
2
2
7
2
2
2
2
26
2
2
7
2
14
2
7
7
2
2
2
2
7
2
2
7
7
2
2
2
2
2
7
7
95
204
2
7
2
123
7
7
7
7
95
2
7
2
7
11
7
7
7
7
2
7
7
6
2
7
12
2
2
7
7
2
2
2
2
7
2
2
2
2
2
2
2
2
7
48
2
2
2
263
2
2
2
7
7
2
2
7
7
7
2
10
7
2
2
2
7
11
7
2
95
2
59
2
2
2
7
7
2
2
2
7
12
2
2
2
95
7
2
95
7
2
7
6
2
10
7
2
12
7
2
95
2
2
7
2
7
7
2
2
7
7
2
7
7
2
2
6
2
2
7
2
7
2
2
2
2
2
7
7
7
2
2
2
108
10
20
2
2
7
7
2
2
2
7
7
2
7
7
2
2
7
2
2
11
7
2
2
7
2
2
7
2
7
2
2
2
2
7
7
7
2
2
2
19
7
7
2
2
7
2
2
2
12
2
25
2
7
95
7
7
2
2
2
2
7
2
2
2
2
2
6
2
2
2
2
2
2
7
222
2
7
7
7
2
509
7
16
36
7
7
2
2
6
7
2
7
2
2
7
7
2
2
6
2
2
2
7
17
7
7
7
7
2
7
2
203
2
2
2
2
2
7
7
7
95
7
2
36
7
7
2
2
16
6
2
2
6
23
2
2
2
2
2
191
11
2
2
2
2
71
2
2
2
2
2
2
2
2
7
6
2
7
7
82
