130
129
19
156
63
37
37
49
48
60
70
67
129
15
55
58
24
107
58
53
22
35
75
110
63
13
33
75
31
38
18
61
18
14
7
71
27
71
69
116
149
10
218
79
38
111
39
13
113
48
65
7
47
15
38
110
44
39
28
10
32
19
42
23
54
75
125
83
15
113
109
92
17
43
10
78
213
76
22
39
174
292
39
23
70
28
172
56
15
154
4
25
59
16
55
33
68
123
98
100
114
44
33
20
14
69
44
12
60
33
69
26
4
20
20
105
7
25
20
135
44
48
56
44
31
105
106
164
81
107
77
18
65
23
29
65
139
4
122
83
7
16
145
74
75
39
10
43
72
131
24
57
41
95
32
29
12
38
161
39
38
44
16
103
33
6
171
134
16
81
37
50
36
39
60
22
16
117
130
150
81
34
48
81
12
66
52
46
135
160
134
70
84
89
78
8
191
44
51
17
97
27
115
92
27
62
31
217
94
13
17
51
116
148
68
22
40
10
35
4
162
55
56
130
143
188
84
23
45
30
66
52
59
154
71
69
297
33
178
58
103
23
55
26
42
23
42
30
134
14
37
49
6
51
12
17
31
196
52
94
51
102
171
96
93
27
28
51
10
36
58
64
28
28
45
26
11
121
25
22
36
240
86
124
94
18
12
34
88
104
15
114
19
109
68
212
7
76
43
44
9
69
43
102
88
21
16
51
435
122
97
28
86
25
188
61
36
18
52
15
14
29
42
9
124
56
27
85
36
11
339
57
31
25
148
95
62
31
71
4
12
207
45
45
14
8
19
65
96
133
126
205
45
8
183
7
127
13
267
46
148
59
109
81
17
126
10
140
66
40
15
73
33
55
36
16
72
5
7
64
177
38
138
278
24
16
39
73
32
128
64
74
29
37
55
9
30
178
23
28
122
8
10
121
50
84
69
6
126
63
24
31
218
156
24
36
53
65
26
179
66
37
4
97
20
6
13
60
30
52
72
5
31
62
42
26
66
5
28
21
47
68
36
87
97
53
103
65
46
62
104
71
16
40
119
77
74
35
71
112
124
25
194
72
125
109
22
75
16
33
66
11
94
41
44
64
61
83
148
131
85
42
4
9
132
58
26
7
29
14
20
57
110
14
62
10
36
45
4
29
6
163
172
12
198
49
79
74
45
116
42
114
20
48
24
23
61
27
76
15
123
109
55
51
97
16
46
141
121
27
33
13
22
5
138
102
30
15
50
17
114
35
109
11
48
71
7
56
83
4
25
32
30
84
56
59
123
68
137
120
15
103
9
66
55
57
102
18
145
74
17
168
116
130
35
20
42
152
77
70
189
60
131
69
81
47
19
166
49
46
28
56
258
107
41
51
107
57
10
54
28
41
63
104
117
36
35
21
29
123
134
79
96
40
18
43
27
72
49
34
155
16
5
33
270
16
357
101
64
6
79
46
245
28
95
32
16
79
53
50
42
73
92
64
26
120
74
42
47
17
101
53
69
12
148
198
19
27
73
224
24
88
110
14
23
38
9
50
28
36
148
15
15
91
57
172
13
52
69
25
20
11
44
22
49
16
31
120
106
11
26
189
10
9
138
20
24
125
33
7
25
11
76
74
23
5
43
169
86
57
91
47
58
10
10
35
18
25
15
48
20
46
112
7
43
73
69
121
204
63
50
34
63
65
79
32
92
61
201
53
42
18
100
67
28
49
25
68
47
18
7
85
44
150
261
28
211
61
50
117
60
62
62
13
28
26
121
187
5
22
34
22
30
112
177
22
15
15
135
26
48
120
52
69
38
5
92
131
151
58
69
11
22
13
37
4
37
32
34
145
23
38
21
71
98
29
59
43
29
122
23
230
53
19
5
97
71
123
51
15
135
110
127
114
83
86
29
33
62
116
150
30
26
52
4
15
40
20
39
119
228
21
135
68
56
19
113
124
69
33
7
75
65
50
103
35
21
139
129
58
46
60
21
53
231
66
61
44
303
7
8
135
41
51
8
110
45
44
47
10
10
11
16
33
124
163
55
68
77
11
13
35
28
30
11
33
19
97
107
121
50
64
107
49
37
80
147
52
83
105
146
163
103
58
86
157
35
63
41
278
48
96
24
134
8
40
31
64
12
84
53
100
51
83
87
53
49
100
42
151
17
37
82
32
7
58
12
21
38
81
322
26
45
23
158
10
9
108
14
32
44
100
27
10
53
15
29
81
36
31
20
104
106
23
67
31
5
103
129
14
33
252
174
23
83
19
7
108
83
13
55
28
120
80
48
248
5
11
35
61
46
7
4
15
83
39
51
91
86
17
21
40
58
87
9
169
10
79
10
119
126
96
289
97
75
6
7
39
25
56
14
17
72
26
86
7
144
102
17
44
25
213
91
31
47
131
62
47
91
17
5
101
107
20
29
36
71
76
22
46
101
41
60
34
57
61
157
11
21
114
51
93
78
69
48
13
73
171
77
6
18
54
73
7
28
67
78
57
107
21
14
97
67
8
6
49
41
39
30
5
190
15
77
121
26
235
42
70
20
56
288
120
6
34
302
36
30
13
59
8
41
78
7
30
51
84
14
47
305
42
62
58
7
47
41
193
19
64
69
24
37
23
61
18
33
26
51
78
12
39
40
117
44
88
117
79
10
162
116
32
38
34
90
41
38
35
62
24
19
101
99
31
44
164
123
93
56
108
7
73
7
18
37
62
114
34
70
114
112
72
108
53
57
61
85
71
108
11
30
48
23
130
40
265
148
135
79
114
39
24
32
23
217
35
60
155
292
193
88
87
77
6
63
45
26
30
57
47
19
125
86
57
6
79
62
75
49
92
31
165
306
13
81
42
35
11
146
40
57
163
46
79
45
126
33
56
97
57
15
21
62
63
11
153
88
172
36
117
4
269
44
140
44
13
107
28
9
52
122
12
32
34
7
124
25
40
27
4
26
132
26
78
96
38
140
124
109
10
120
32
121
26
76
25
4
17
267
32
44
60
129
109
178
64
178
51
10
151
44
77
30
43
148
13
65
79
7
33
264
38
8
8
47
20
144
77
120
50
52
263
58
91
24
49
27
59
308
171
15
113
68
92
5
9
133
24
45
41
13
80
99
21
83
103
63
124
6
111
26
48
26
48
29
15
17
32
64
71
146
55
10
214
41
27
29
57
170
45
38
26
70
125
60
28
104
111
108
10
11
186
11
10
64
116
104
16
23
28
71
28
27
78
34
19
18
137
109
152
26
53
30
33
200
65
8
105
23
130
68
48
98
22
14
23
70
249
32
102
42
58
47
25
59
78
53
100
80
32
185
51
91
205
85
7
7
51
52
55
164
59
15
53
12
65
38
89
20
35
77
70
77
126
106
85
7
76
17
130
62
136
205
55
29
30
11
129
175
48
56
373
149
204
13
81
24
80
53
42
7
35
108
44
6
50
6
117
120
65
18
100
107
31
32
63
9
99
58
32
26
35
93
132
18
8
216
78
84
278
53
11
39
92
12
83
29
74
10
93
160
11
54
97
75
19
106
105
35
19
21
22
55
7
92
18
6
126
32
69
54
60
44
23
108
43
3
29
113
156
7
35
47
31
65
91
9
9
82
73
36
23
28
99
129
55
27
19
36
66
8
135
17
28
36
9
54
94
21
99
86
73
35
16
34
81
21
32
35
101
132
12
29
78
106
10
57
94
116
30
50
158
51
9
127
25
66
43
79
29
19
22
61
4
91
90
93
147
59
315
14
52
22
34
6
141
27
116
48
150
41
37
10
14
26
62
126
54
51
5
130
4
186
147
24
50
16
24
34
15
207
40
281
130
74
163
41
7
30
76
123
193
19
35
55
123
92
7
46
86
53
37
43
88
11
14
43
190
79
18
70
47
42
57
8
53
111
82
50
92
37
60
146
63
47
38
7
24
127
6
30
114
33
172
20
72
60
164
166
41
36
116
152
115
5
121
19
33
35
144
17
27
49
123
60
70
11
7
33
51
81
120
34
21
46
40
123
81
9
67
45
34
122
30
30
47
19
6
93
37
48
23
58
51
57
48
33
66
48
113
55
35
8
15
35
9
9
69
141
91
154
37
87
26
37
75
87
37
131
109
67
59
112
61
12
10
51
89
5
70
35
54
118
201
26
14
123
181
5
32
49
119
174
86
67
82
90
84
33
119
84
315
24
38
81
40
59
76
44
18
15
80
12
249
26
65
222
81
112
18
15
89
21
76
89
22
82
71
21
25
48
137
92
62
171
30
62
55
9
37
91
97
14
179
89
13
35
43
30
228
72
4
44
7
78
44
24
42
121
19
146
190
16
18
52
95
82
42
9
68
35
31
77
69
96
22
41
266
25
124
114
24
51
45
55
6
50
12
159
109
64
12
31
8
53
55
127
108
74
24
20
56
15
43
19
15
15
56
28
47
6
58
76
71
34
64
73
58
13
148
34
233
44
16
47
17
11
60
52
23
31
136
81
10
102
84
15
65
58
43
21
47
255
45
26
287
82
13
22
54
8
65
23
46
58
140
13
52
38
71
9
65
18
14
31
32
101
29
121
50
69
85
95
13
71
55
95
84
21
3
38
21
8
44
51
72
57
34
121
9
139
38
5
26
58
151
99
25
39
19
156
134
5
96
89
10
6
16
55
20
44
20
9
121
51
122
64
99
26
21
51
23
31
15
25
24
40
16
164
54
122
47
36
7
20
195
14
66
104
46
89
61
23
176
152
62
45
18
181
68
53
55
103
26
39
23
40
188
96
148
104
149
126
77
88
32
7
34
35
146
76
374
64
63
29
74
85
82
15
63
18
177
66
155
7
39
9
8
12
65
212
6
98
12
36
25
131
9
17
66
78
27
131
17
72
19
11
36
88
80
211
91
150
46
127
23
142
90
16
64
38
43
32
9
91
264
7
45
88
55
195
116
65
74
70
83
74
181
109
10
7
113
158
108
23
71
99
47
7
172
48
34
75
7
146
137
20
70
4
12
92
149
98
16
28
125
73
25
19
55
26
79
60
88
28
200
20
31
31
16
60
70
66
84
49
40
32
135
17
14
54
53
8
101
14
25
53
11
110
29
7
103
86
30
45
72
168
63
49
22
49
64
15
4
180
140
76
202
42
12
16
45
19
234
35
120
47
22
33
58
17
101
35
24
68
58
28
76
69
79
74
24
135
152
20
50
36
12
174
96
7
43
31
20
118
52
64
10
9
71
23
23
68
23
37
191
265
13
84
47
8
47
26
258
79
31
23
21
17
98
141
45
105
176
50
49
122
40
60
96
37
51
96
7
77
132
130
15
74
100
63
345
47
23
63
147
20
31
104
48
25
23
26
81
69
79
71
7
27
28
26
49
13
15
95
172
102
142
7
63
49
20
20
39
22
61
124
42
65
75
13
24
30
259
149
87
26
28
44
166
130
8
13
55
45
144
93
9
258
42
33
109
63
41
8
31
124
120
58
44
57
4
101
11
61
66
12
20
7
144
118
52
55
257
209
82
39
40
15
26
24
4
77
44
50
81
321
82
76
7
58
74
8
79
30
31
24
119
87
328
113
108
114
15
19
21
33
31
157
94
33
24
188
43
47
56
13
24
32
51
10
181
37
39
298
24
60
39
13
100
32
55
49
16
14
19
47
19
48
73
117
220
28
18
90
113
55
114
34
175
134
65
137
74
149
104
17
32
56
38
171
53
63
70
30
50
168
75
64
55
9
46
35
6
81
57
136
138
45
57
53
4
53
111
11
126
16
87
102
41
7
189
88
39
65
78
15
7
30
6
18
64
39
95
8
41
37
12
143
273
69
76
56
57
56
83
10
13
21
111
9
36
10
305
109
29
385
12
149
11
100
72
13
231
11
20
69
16
135
91
13
13
101
36
38
197
171
38
227
13
13
66
39
34
17
16
21
85
280
74
5
32
40
133
75
106
173
79
24
84
33
68
53
55
8
20
41
24
20
79
61
116
17
36
374
54
108
84
43
26
29
21
25
238
13
60
30
43
57
260
38
48
22
13
74
35
82
24
34
118
153
12
46
39
21
54
22
11
16
22
94
14
21
32
190
23
88
27
16
57
92
293
42
10
91
57
43
54
125
202
4
20
207
88
35
68
13
7
163
19
191
94
126
98
74
10
58
20
71
89
34
47
48
8
43
118
128
123
87
92
38
81
62
105
34
13
112
37
93
143
148
39
117
45
30
15
10
36
82
229
10
7
27
62
25
80
49
116
22
37
79
25
216
7
185
271
14
131
98
38
124
168
53
22
33
106
8
32
36
198
20
32
54
58
43
140
161
54
46
144
53
120
193
60
86
8
20
5
142
89
29
228
36
100
7
38
115
96
16
23
52
15
17
30
40
334
176
50
74
141
59
21
54
65
137
165
31
84
233
192
15
59
148
217
61
51
84
66
63
52
110
8
24
36
75
81
21
49
28
23
80
43
15
10
49
33
18
36
221
10
8
39
44
44
121
27
110
148
53
52
50
32
25
26
68
9
81
193
32
21
78
25
43
22
19
28
97
55
86
70
38
69
35
69
43
86
20
22
12
10
14
112
65
51
30
29
24
108
96
79
32
27
170
80
14
23
8
37
95
14
75
100
46
187
114
27
48
58
108
54
70
102
29
39
195
38
60
17
62
115
23
76
86
53
151
82
31
273
22
75
119
62
124
38
69
132
23
16
50
123
41
91
137
132
85
12
16
59
10
16
50
79
141
45
16
38
48
18
100
81
111
51
8
91
82
116
101
83
47
9
75
16
130
6
116
38
116
6
49
32
19
77
24
64
30
141
111
54
47
5
19
29
34
12
18
87
210
74
110
40
32
79
47
183
118
221
18
25
52
8
33
33
54
174
17
41
22
25
105
32
97
10
15
65
155
106
237
7
3
49
37
100
33
93
99
44
219
63
137
65
35
11
94
22
65
14
113
61
49
16
38
10
24
80
144
9
152
23
13
51
34
36
60
94
53
132
248
36
49
68
24
122
139
6
96
68
37
98
13
37
141
261
33
18
93
36
70
55
43
36
83
8
10
196
103
38
8
91
88
23
141
45
36
227
91
200
26
24
10
22
23
11
25
76
268
48
17
114
8
105
68
18
25
113
27
62
110
45
91
36
57
15
254
115
7
43
60
21
11
13
124
45
5
65
22
72
11
23
78
11
55
76
40
103
14
98
7
137
64
32
40
125
34
32
23
86
53
21
77
7
13
75
145
97
92
314
88
50
15
46
28
120
41
59
9
15
35
112
6
58
52
14
61
40
113
22
68
50
165
113
275
66
172
6
24
12
44
32
223
107
26
210
74
75
92
9
42
84
56
190
91
43
201
13
50
11
14
46
59
115
30
35
10
43
23
237
22
32
14
181
230
9
25
17
29
60
16
34
116
12
21
55
210
36
5
30
34
38
135
325
29
4
13
159
106
15
79
108
21
46
110
45
108
7
265
30
53
83
29
9
25
67
93
33
100
117
58
60
57
30
26
18
27
170
158
71
12
7
125
95
41
286
155
9
71
70
206
39
131
8
7
19
71
13
32
23
99
73
71
48
10
69
37
72
38
264
30
12
58
16
17
130
69
167
21
16
161
82
136
132
83
39
149
7
21
16
58
49
107
30
106
159
32
38
52
47
137
22
240
23
120
74
12
4
170
7
52
158
87
29
19
13
41
67
114
132
75
92
92
107
27
65
70
259
51
64
100
87
34
231
47
25
41
41
8
40
20
32
7
174
44
72
49
10
64
160
24
191
64
59
161
74
50
289
129
150
77
71
22
46
7
15
21
22
36
71
51
46
91
101
14
41
35
51
9
41
14
7
96
74
34
24
92
84
24
41
73
40
96
61
151
15
33
55
88
151
21
13
156
41
62
160
4
38
30
15
212
49
95
58
23
168
144
65
156
115
41
6
58
77
152
7
68
36
58
70
165
10
13
43
31
59
134
15
32
24
81
97
46
18
106
138
50
70
50
18
70
117
33
27
15
69
102
89
118
92
64
26
81
8
28
11
128
37
38
107
45
52
11
120
354
28
49
47
7
84
162
6
26
39
50
20
5
143
5
11
27
54
67
23
21
25
72
35
10
20
114
127
89
117
4
106
94
20
27
115
25
24
4
197
87
108
25
94
75
50
77
82
54
94
7
102
69
105
353
88
81
101
116
61
21
19
14
35
5
8
24
472
35
30
47
39
70
52
59
16
57
86
104
22
45
40
111
24
29
123
31
25
15
109
113
5
140
180
45
21
13
23
15
10
53
50
24
67
7
99
81
162
20
73
69
22
6
17
291
62
271
75
29
136
74
74
91
47
18
116
36
145
81
6
56
50
22
26
48
30
10
53
16
71
62
25
63
161
155
11
127
58
47
10
12
12
39
9
17
9
55
26
14
19
10
73
8
16
73
36
32
85
4
85
40
49
49
153
259
39
10
190
14
19
60
65
155
41
7
45
72
22
34
342
25
45
34
82
60
211
25
84
8
42
20
17
66
71
39
36
15
7
15
7
42
25
84
6
38
25
41
41
52
57
19
6
90
9
34
7
68
88
117
107
23
50
35
96
88
109
107
119
71
7
97
14
73
76
130
154
24
51
13
69
59
47
81
30
135
191
163
6
59
209
32
34
19
216
216
33
70
59
130
84
20
45
180
33
59
28
28
62
31
16
95
46
303
23
65
34
133
151
31
76
39
67
16
10
7
35
215
63
62
14
84
5
85
13
107
59
67
28
127
8
66
55
23
12
80
38
177
150
7
44
95
16
24
71
99
49
64
108
14
121
57
67
29
17
30
165
27
35
23
69
60
41
17
29
48
89
5
85
123
57
223
80
37
42
30
16
25
34
182
291
80
20
13
104
9
17
51
67
20
90
46
108
109
48
109
52
108
93
93
8
71
77
166
33
155
56
41
62
27
113
44
17
234
109
128
117
38
43
28
35
38
7
5
51
10
66
26
116
10
65
164
47
108
21
13
255
106
30
15
11
26
25
33
32
89
72
15
6
80
90
106
61
141
104
28
51
32
12
46
11
87
73
65
56
99
24
131
81
13
143
6
10
18
72
137
24
34
18
34
68
96
173
43
57
106
38
86
134
115
97
85
138
71
12
25
155
81
94
10
123
45
20
258
40
40
326
23
198
40
39
127
16
41
99
187
49
51
9
138
106
15
149
54
107
78
52
166
78
7
86
23
62
83
35
64
21
16
8
15
26
15
20
33
92
7
18
94
111
105
5
55
153
122
103
42
186
52
104
89
75
86
65
54
173
238
8
152
112
13
54
235
4
47
50
55
70
43
135
102
99
57
24
393
19
19
30
91
178
7
238
88
40
28
100
93
7
36
62
179
49
72
38
384
43
21
23
38
9
7
4
92
61
38
119
19
93
52
169
5
39
56
33
55
66
120
52
77
13
130
12
82
75
44
130
26
67
30
117
30
44
129
34
12
195
193
34
32
29
47
11
18
61
29
174
56
183
72
98
8
22
35
169
24
110
73
9
41
7
78
291
16
20
21
24
68
45
169
7
23
3
134
38
59
79
4
93
111
49
87
16
5
52
32
122
3
36
19
19
177
95
212
106
48
90
138
39
24
11
15
6
16
45
38
80
58
62
32
34
5
66
77
86
33
54
94
9
22
36
59
96
36
32
12
26
68
4
33
105
28
14
14
111
159
25
9
9
35
29
27
174
120
77
145
5
32
74
89
56
7
69
91
103
35
5
125
17
147
51
76
128
11
29
122
29
36
26
52
6
111
4
98
27
89
20
74
39
178
50
34
87
6
146
73
134
113
13
50
64
34
222
218
52
32
79
87
91
19
48
135
31
80
40
180
35
41
207
36
101
45
114
13
97
20
17
21
34
138
16
35
35
145
39
70
72
176
11
10
109
144
297
26
10
53
76
76
147
20
67
209
54
4
61
48
90
51
44
35
76
50
39
31
4
22
7
177
46
75
60
32
13
43
51
108
139
26
207
39
50
47
24
46
189
93
6
106
65
55
10
57
60
60
171
34
76
55
71
42
42
50
32
4
30
14
27
22
139
10
134
13
120
142
181
110
30
9
117
57
177
118
9
88
28
115
19
73
24
124
21
73
81
11
103
19
9
18
86
47
109
68
101
18
65
43
18
72
158
15
22
149
48
283
70
53
119
131
101
12
65
6
96
46
10
17
25
14
116
89
15
28
42
145
309
31
40
127
59
95
31
24
5
75
29
241
50
79
72
48
67
42
70
115
32
45
45
77
32
83
84
206
20
87
21
80
13
44
92
6
29
180
12
154
253
10
205
154
73
58
20
27
74
10
16
12
48
71
27
129
80
101
53
11
166
88
66
55
95
102
44
9
158
10
104
34
72
35
187
166
42
164
14
23
48
4
44
82
26
34
35
95
4
53
29
31
60
28
23
149
94
169
72
4
63
74
32
254
59
16
44
10
150
33
22
73
95
95
37
11
288
118
22
45
13
65
152
42
51
47
120
17
57
160
5
7
20
30
47
59
268
328
99
9
109
173
219
57
251
85
31
72
26
99
215
32
91
16
23
344
20
133
86
42
51
248
13
54
54
58
178
45
168
45
35
11
15
62
67
8
106
7
7
7
127
112
38
108
59
116
107
10
42
28
50
261
185
29
6
23
41
124
53
15
94
5
110
89
34
19
83
32
13
42
45
8
6
67
175
23
41
43
5
7
36
218
59
59
11
64
59
68
15
36
37
17
172
41
25
158
31
21
46
54
66
20
37
59
164
24
58
93
91
53
127
37
45
14
93
48
71
86
78
63
65
36
19
54
116
42
40
18
89
123
91
54
53
67
19
119
44
106
25
194
59
88
44
90
149
12
29
16
354
17
91
36
40
98
17
37
125
19
167
48
399
10
14
118
15
112
22
8
37
108
74
202
22
131
113
160
19
20
78
33
18
63
100
86
65
163
163
82
20
9
23
17
48
4
10
52
25
62
71
11
91
81
48
69
10
213
13
123
153
39
30
8
69
72
49
227
119
27
10
83
24
50
126
5
101
47
82
133
29
32
69
8
101
38
78
93
93
177
64
71
86
48
251
104
27
184
180
49
70
155
19
10
107
32
54
23
6
112
149
4
73
161
273
70
13
43
113
42
3
10
69
76
134
107
50
66
167
12
87
28
36
77
78
10
46
22
47
41
100
111
62
74
134
33
26
11
27
39
127
86
10
26
62
89
99
145
19
95
87
74
53
49
29
33
38
63
81
263
29
26
48
84
4
126
17
130
50
159
105
26
42
68
33
47
10
98
102
10
10
44
32
10
68
72
47
57
11
106
88
86
162
129
51
48
31
29
123
46
95
25
65
15
43
22
40
185
7
70
14
102
252
113
37
50
12
56
14
123
23
76
199
10
66
246
112
106
32
41
180
29
48
71
112
16
35
5
31
88
33
76
97
55
16
52
46
45
158
160
117
66
70
45
175
87
101
33
175
10
314
95
44
10
56
41
120
185
246
17
68
68
25
13
96
13
38
134
72
10
20
108
24
110
6
110
259
58
57
206
69
8
17
93
81
18
41
44
61
75
35
14
62
70
159
28
32
57
31
45
89
8
58
110
10
33
62
14
25
10
38
65
70
5
77
11
109
8
8
28
111
67
90
10
35
175
35
15
95
61
64
202
55
104
27
66
35
87
106
42
106
151
88
62
154
93
66
24
29
104
76
29
72
171
37
17
143
80
14
54
13
34
17
28
42
218
7
45
61
161
36
69
27
349
20
6
223
4
19
127
48
137
19
6
88
38
8
136
26
7
73
91
69
20
65
142
9
59
12
136
12
60
227
38
42
30
143
48
184
96
18
47
84
178
50
43
24
150
90
42
31
47
142
98
16
136
40
3
65
65
103
14
77
30
71
211
14
23
215
29
175
56
128
10
113
12
202
16
66
105
173
388
44
32
7
54
21
23
26
260
23
31
27
48
6
150
11
50
69
12
22
148
80
50
10
54
13
21
72
240
80
198
175
112
52
39
8
91
14
27
5
9
24
23
7
47
29
26
51
80
5
49
29
13
27
14
68
110
82
31
212
20
65
23
38
68
28
64
171
22
143
89
152
26
34
44
146
27
52
5
146
40
60
19
15
41
8
34
22
57
67
72
13
44
38
80
8
34
30
89
176
14
24
32
25
15
51
106
197
242
204
26
30
67
108
53
99
96
58
36
291
47
43
70
15
81
36
13
106
98
87
35
126
93
39
65
141
76
40
43
48
95
12
161
43
79
114
29
52
26
55
59
69
30
17
25
67
5
71
65
54
123
76
29
89
8
68
60
37
59
31
13
344
103
83
45
162
116
125
72
117
30
19
121
99
70
67
72
164
92
73
76
3
34
39
24
43
24
55
17
47
142
47
87
41
40
36
13
7
111
113
105
43
12
115
15
55
20
184
35
15
129
20
18
57
84
108
132
16
94
137
218
26
35
16
171
24
53
110
14
10
28
197
65
305
49
50
88
4
18
42
163
18
17
118
28
44
123
21
43
69
6
163
75
48
7
40
92
19
48
124
103
197
60
58
14
48
171
75
10
78
9
6
75
54
25
109
111
34
25
234
43
45
106
33
67
19
102
35
36
120
37
17
69
13
96
84
32
14
66
175
52
39
93
87
186
19
4
41
36
46
156
52
32
66
114
77
25
87
10
105
5
33
55
71
45
171
13
32
44
75
125
41
17
60
99
83
28
39
39
25
18
23
87
28
206
13
20
78
133
41
13
189
120
22
7
114
128
5
94
55
14
17
251
111
86
19
129
15
154
94
50
125
19
22
258
28
56
50
17
20
35
111
91
72
25
79
28
29
17
62
108
100
15
98
20
33
62
28
48
18
23
71
26
32
85
41
33
149
16
66
60
43
68
86
65
75
173
79
28
31
30
7
154
6
9
22
198
69
48
128
7
59
43
44
55
101
70
146
26
17
151
90
15
31
111
109
137
26
113
242
130
44
74
39
6
17
17
80
85
31
83
9
29
4
42
101
80
149
102
52
17
156
56
18
43
40
102
55
35
24
92
56
86
35
28
120
31
41
59
10
154
174
82
54
75
34
28
114
82
64
25
80
45
35
167
98
37
9
94
11
36
217
83
22
98
38
67
24
30
42
41
10
28
61
5
29
28
35
18
170
25
25
79
9
38
44
9
339
11
52
89
14
44
81
56
76
32
5
142
113
28
34
212
76
205
61
308
80
43
130
71
107
18
124
33
24
7
30
91
310
152
21
224
126
58
120
194
65
31
18
70
76
7
31
147
69
4
13
17
60
11
167
22
22
111
150
46
12
5
91
65
80
253
59
74
113
151
26
25
25
20
17
94
53
22
34
101
45
106
29
95
188
54
42
46
71
25
113
4
107
31
87
140
87
47
66
93
133
131
175
103
88
65
84
19
33
16
5
161
41
131
19
27
98
45
82
27
104
56
73
29
123
28
16
254
18
9
21
33
61
207
66
54
26
124
9
8
99
64
40
103
9
17
10
8
12
26
57
78
89
75
95
94
115
75
33
52
30
50
46
44
134
66
88
7
11
70
23
78
141
36
152
16
50
52
53
71
75
141
57
90
12
52
39
7
65
137
59
42
44
268
101
15
128
48
74
41
53
54
87
31
7
226
225
21
154
91
96
8
17
275
126
284
28
21
53
22
47
30
32
140
67
176
15
141
109
138
231
74
42
55
65
69
119
39
30
61
45
103
34
76
122
101
41
118
87
72
72
76
9
55
28
73
18
175
32
22
34
5
59
84
16
7
53
120
104
140
95
167
18
161
5
47
151
52
28
14
14
29
71
4
53
40
38
43
87
32
65
12
7
36
20
212
76
19
47
22
21
15
58
59
148
81
158
55
100
25
42
28
35
33
135
150
112
30
242
73
48
26
15
51
34
52
17
38
61
27
180
174
28
28
9
119
28
76
33
12
21
31
5
83
25
5
52
118
41
5
11
142
59
147
241
153
35
117
153
96
7
34
76
19
88
103
199
46
34
36
22
54
23
28
52
28
40
14
65
130
42
64
28
48
71
110
64
44
175
94
20
9
134
70
39
7
36
65
7
61
80
40
10
73
11
7
87
21
77
197
77
34
25
17
59
48
30
52
29
9
72
31
116
110
78
18
149
21
18
30
6
45
8
5
242
6
12
72
37
21
102
31
52
36
10
42
18
209
37
364
13
151
154
129
22
103
78
33
64
62
59
46
57
142
13
48
9
8
34
7
59
9
44
5
74
76
74
91
58
27
68
302
90
153
46
7
136
34
57
24
84
93
23
19
63
82
12
103
59
45
94
37
42
90
291
5
51
73
109
13
41
43
8
34
70
91
241
83
43
8
30
35
96
117
30
172
49
40
66
4
27
41
145
21
8
91
84
122
56
25
8
23
143
24
129
8
217
20
4
48
64
32
43
12
7
7
45
10
57
115
28
16
76
73
40
126
11
214
30
25
10
77
142
22
32
161
87
65
25
78
205
431
10
322
84
4
41
103
267
6
30
92
19
26
86
129
126
37
113
102
29
42
71
27
56
31
92
30
84
28
101
47
148
59
32
219
22
92
214
28
18
24
72
38
104
34
54
77
186
12
6
12
41
12
5
21
97
100
83
52
111
97
30
64
61
10
66
53
88
65
374
65
117
19
7
80
15
33
17
198
58
113
84
20
49
77
10
294
160
41
33
191
168
87
126
280
85
66
3
80
166
120
13
64
111
84
109
65
25
26
94
7
8
32
249
17
28
22
25
92
33
43
74
14
132
93
48
29
136
88
144
221
69
41
7
39
84
49
14
4
74
77
63
67
15
113
47
77
17
54
132
82
164
116
114
43
9
15
18
39
23
65
33
85
190
121
48
26
7
145
29
109
8
70
158
32
61
14
159
253
97
29
92
35
131
20
98
13
14
29
77
89
83
111
68
41
62
7
12
12
72
35
35
19
116
77
22
28
24
23
41
26
7
44
14
5
10
129
16
17
162
41
16
14
42
133
18
101
6
40
19
182
51
4
36
126
22
171
6
59
78
236
37
60
139
143
66
49
46
13
70
114
39
20
164
24
16
111
55
57
54
201
7
67
17
79
10
80
166
85
144
21
60
26
61
25
14
14
72
17
71
69
54
29
81
18
139
112
41
5
67
64
84
36
112
17
131
15
5
10
78
89
7
30
181
185
34
51
58
226
33
151
72
72
146
114
152
61
9
4
131
18
85
64
15
26
110
13
97
134
282
30
97
44
28
15
6
56
73
149
77
36
53
54
29
15
132
119
240
30
87
206
39
112
75
45
108
196
148
6
70
59
7
32
59
84
16
105
267
63
51
248
23
13
109
28
87
137
5
168
11
7
114
98
58
28
43
49
21
191
77
6
8
26
11
185
119
31
20
36
240
3
59
34
49
39
62
28
215
8
161
60
104
38
49
123
73
133
58
179
41
104
59
81
5
22
13
6
96
126
95
11
40
14
274
85
43
93
15
101
23
80
18
284
217
18
164
146
66
22
21
95
72
90
21
26
72
80
15
44
85
65
26
57
9
25
25
10
83
91
62
9
199
120
21
41
44
10
45
4
144
93
26
59
55
343
30
32
59
13
116
47
22
58
75
47
112
102
36
139
67
74
38
20
210
116
11
43
6
89
32
92
33
24
166
45
101
58
37
108
17
9
60
42
58
7
26
61
108
42
86
48
25
22
42
44
16
49
88
138
65
39
23
51
31
63
35
16
87
13
96
3
194
149
61
99
86
48
57
29
43
5
63
28
49
18
19
123
14
22
9
75
101
219
7
64
16
66
7
24
104
124
99
54
22
60
47
48
88
36
163
258
50
14
199
128
129
11
29
11
77
31
40
25
69
59
48
46
38
7
9
119
370
63
59
15
14
55
16
47
21
207
32
28
27
11
11
60
58
151
9
64
98
14
169
40
11
81
46
13
49
30
135
24
135
14
112
33
30
25
110
24
42
46
28
42
39
37
104
184
13
50
7
63
135
36
17
82
26
28
25
130
35
98
46
73
48
64
139
68
56
25
86
18
26
11
37
154
83
151
12
43
82
203
75
86
83
146
62
35
97
22
35
10
61
50
50
32
83
172
250
53
79
35
160
38
6
16
47
236
85
9
102
33
58
16
55
69
7
58
49
90
68
95
118
120
93
11
98
100
38
94
38
39
55
31
90
26
37
26
47
41
45
29
16
59
142
96
27
102
26
15
30
90
83
10
167
83
12
86
10
99
42
16
12
82
27
48
30
11
89
56
12
91
35
30
108
75
42
47
119
5
47
118
14
39
38
52
15
74
178
48
37
63
69
14
44
97
160
17
101
99
13
11
126
18
149
81
42
148
107
63
40
33
80
163
79
17
162
26
66
71
28
12
26
23
11
16
69
26
339
25
175
34
91
110
20
176
120
63
30
56
61
66
63
60
59
22
232
9
40
63
22
57
6
20
7
55
83
45
65
15
492
35
39
181
112
10
48
170
149
22
32
121
156
8
101
128
65
57
131
73
101
61
80
46
87
88
48
79
15
50
85
85
52
60
15
41
91
12
13
38
63
78
79
78
17
86
14
313
15
69
24
32
44
14
28
37
23
31
11
35
40
308
29
31
12
65
18
21
50
22
7
63
44
100
39
11
28
86
225
10
20
14
12
61
5
18
94
26
18
74
148
60
62
12
80
9
67
77
180
72
77
34
31
119
16
27
230
50
30
75
54
45
30
136
35
19
103
37
211
33
38
5
54
10
305
8
55
16
62
9
12
20
22
45
33
104
17
56
259
65
6
72
134
88
130
46
8
60
60
15
314
18
21
16
36
248
23
157
18
8
152
56
100
39
28
109
191
76
8
132
17
56
17
74
52
61
93
149
21
28
159
35
37
21
82
90
10
63
75
91
26
20
26
11
84
111
10
24
95
12
34
157
239
29
13
111
199
94
29
44
43
46
97
100
300
194
14
125
102
16
27
104
51
4
163
9
41
22
56
104
82
30
5
48
11
66
74
91
123
37
111
4
70
79
7
28
99
7
27
16
240
32
23
339
73
10
178
55
49
160
16
29
56
46
21
143
17
104
103
28
20
16
20
35
49
181
70
21
47
10
34
24
82
40
78
73
45
14
29
33
22
139
243
103
157
140
32
30
4
100
63
162
23
13
231
21
14
141
122
9
46
105
31
98
83
88
56
49
61
28
82
209
83
31
30
9
53
46
21
12
58
83
33
17
74
13
59
93
13
64
27
129
18
81
97
69
33
16
7
107
112
145
168
85
120
15
34
159
103
77
42
195
94
44
104
262
146
35
89
60
51
220
30
40
36
19
83
94
93
10
50
26
77
15
5
56
140
71
153
61
53
13
100
46
122
16
48
36
81
38
30
123
6
26
45
34
6
13
59
7
27
79
14
128
42
60
52
37
68
84
11
47
5
40
185
97
30
161
23
78
48
34
9
53
129
125
60
145
115
23
19
24
359
113
164
34
111
15
38
14
25
50
9
212
13
97
24
184
35
62
43
39
132
36
44
32
24
181
36
53
36
114
34
37
6
26
10
160
154
34
81
15
73
71
42
68
4
157
79
36
48
110
39
8
10
134
107
145
107
79
75
32
47
8
125
111
68
9
101
67
127
82
7
56
41
191
67
44
26
66
108
284
25
7
91
21
36
86
50
66
77
28
62
77
33
97
117
74
296
27
9
47
47
79
70
67
35
156
81
10
150
74
9
47
55
27
107
137
68
8
114
27
134
19
54
45
14
135
60
78
85
113
143
79
131
26
8
272
38
136
132
32
106
47
10
17
17
16
50
7
49
11
270
28
170
104
129
9
80
42
136
40
27
32
7
29
38
56
33
70
26
36
39
42
99
29
49
211
39
13
17
9
23
32
49
64
39
49
63
49
6
21
7
86
95
11
66
13
88
11
46
85
262
24
18
54
92
91
40
96
56
126
19
10
89
111
110
4
117
87
122
87
91
65
107
367
76
143
9
5
86
49
130
99
95
33
12
26
28
44
29
44
145
114
83
146
23
167
20
137
22
92
49
82
39
33
71
74
106
63
172
47
50
18
39
106
42
45
15
108
119
22
12
135
53
19
19
8
15
131
124
23
81
56
115
16
128
39
203
105
109
51
124
182
85
33
108
88
94
16
484
12
39
29
62
25
59
128
62
169
87
42
46
68
24
33
17
142
170
192
8
12
42
139
234
57
42
251
55
30
36
25
8
22
32
43
4
36
29
59
30
107
10
116
121
24
196
45
64
47
58
30
39
30
54
110
11
36
60
101
46
125
18
80
32
210
24
73
66
45
25
19
16
24
19
10
158
46
136
10
66
33
204
85
57
282
39
124
140
105
74
41
92
63
187
43
7
50
31
58
242
52
39
7
4
10
125
124
80
17
7
115
38
64
172
93
44
27
144
85
11
26
122
84
18
84
15
77
64
43
139
72
11
22
345
68
13
87
75
38
43
7
95
101
55
17
68
35
24
40
218
11
76
67
173
74
69
58
127
19
42
21
34
66
132
24
44
52
25
115
80
29
42
13
106
22
58
139
28
17
69
163
137
38
124
49
68
172
43
86
271
40
4
50
77
25
82
23
88
34
59
60
16
30
4
344
92
4
79
11
211
28
174
114
25
83
132
23
38
52
8
16
75
138
138
29
109
43
56
139
7
35
26
157
33
164
129
95
159
39
31
14
182
51
89
169
100
52
240
24
30
24
60
46
12
43
66
71
15
25
27
80
37
19
7
109
92
116
45
7
53
9
6
107
19
199
29
28
38
19
23
151
150
41
249
40
120
34
12
137
9
18
48
62
68
62
45
25
60
113
71
45
32
106
12
91
40
28
61
10
11
31
11
106
52
27
142
20
142
8
35
78
8
48
40
43
90
117
92
30
252
78
26
20
102
45
32
32
109
124
11
190
85
7
24
134
38
31
66
174
14
66
35
293
31
32
36
33
27
13
35
15
8
42
82
78
38
128
69
49
51
74
12
156
33
37
12
154
65
34
133
8
101
15
31
154
45
74
8
69
17
13
149
35
17
14
7
208
86
23
96
12
207
60
80
119
66
16
100
7
12
132
23
17
6
112
9
26
80
25
28
10
36
63
15
34
85
64
54
171
73
5
43
159
50
183
144
25
92
121
29
12
9
172
16
48
56
4
50
142
78
121
49
94
119
29
39
67
35
43
33
51
36
9
53
105
31
39
27
87
6
105
90
18
141
168
20
62
9
10
19
38
100
94
17
51
94
16
130
54
86
7
78
12
40
68
37
115
89
61
83
20
84
68
76
24
123
88
107
31
88
8
80
54
34
57
125
294
159
36
61
149
4
196
28
50
8
69
103
56
18
75
22
99
35
57
93
20
7
252
123
40
26
114
122
32
85
100
16
104
175
296
86
191
6
135
15
192
66
5
78
285
64
180
59
84
181
39
99
66
95
194
30
12
22
136
167
65
308
19
68
37
71
4
30
24
9
18
28
6
7
89
65
41
10
168
57
70
84
45
19
48
100
88
74
4
130
40
84
56
51
40
168
57
49
64
53
15
152
27
99
26
17
153
115
22
28
16
7
7
45
83
15
32
25
144
121
74
44
19
67
102
149
7
49
234
147
104
8
13
6
37
13
180
75
23
197
23
77
260
19
32
144
44
78
90
144
157
59
23
6
53
45
161
20
46
36
31
6
22
62
61
76
81
243
26
122
53
11
70
155
22
50
8
220
159
44
38
140
69
55
16
26
56
30
21
22
14
141
54
11
131
118
190
224
46
48
21
6
23
34
13
134
27
33
65
106
6
90
80
22
143
13
102
80
38
21
124
147
186
340
48
68
41
122
17
33
96
99
72
25
125
112
19
23
48
234
31
106
76
21
162
83
46
103
10
6
127
33
45
30
10
38
78
84
85
45
44
51
41
17
43
6
13
73
102
6
11
77
18
68
41
30
13
127
10
88
161
23
32
13
52
35
4
37
33
90
40
54
36
60
24
17
81
154
44
150
150
59
89
5
52
17
97
24
19
19
36
148
15
76
16
167
120
306
29
120
137
18
146
92
66
97
33
31
18
16
70
8
114
133
128
35
39
24
15
138
6
163
230
60
36
15
17
35
55
32
56
29
91
63
107
57
59
188
93
26
37
96
17
31
225
24
60
28
57
24
15
32
9
260
88
285
57
22
124
67
39
66
38
19
21
218
12
41
95
15
105
79
43
73
7
16
18
21
9
132
20
109
123
18
8
94
90
32
82
61
96
22
110
196
194
32
68
19
225
12
71
11
271
30
25
54
29
62
206
42
26
238
54
103
304
31
69
6
51
44
18
5
158
36
76
93
62
41
72
258
119
33
79
52
156
213
155
12
84
27
28
79
196
65
9
56
68
93
93
28
59
60
217
76
94
4
45
28
90
7
46
65
74
20
61
90
44
18
23
59
65
222
43
215
81
19
218
8
57
86
62
11
40
75
131
49
68
72
32
45
82
97
66
81
47
21
33
14
104
143
55
50
164
23
112
65
110
43
5
5
8
63
82
285
103
43
23
42
89
38
73
87
20
30
12
91
21
15
14
20
27
74
15
69
42
50
10
45
8
22
13
82
32
67
33
139
11
104
64
78
133
110
35
18
53
91
193
92
162
32
66
71
148
23
10
90
61
37
17
92
178
5
58
59
74
38
37
92
14
9
31
109
17
48
42
103
15
40
97
80
180
30
165
51
71
8
39
29
16
46
36
15
43
230
19
16
33
43
41
25
68
119
14
39
31
38
89
57
49
31
60
9
66
197
24
47
10
15
80
8
172
74
91
72
20
73
15
122
200
57
75
4
133
211
203
62
57
19
11
46
103
8
151
63
192
23
24
98
4
37
113
27
37
8
20
53
14
23
33
54
6
28
7
51
44
146
46
113
23
161
116
30
59
80
15
50
9
21
77
22
12
22
20
80
102
61
136
21
43
10
12
127
23
26
72
131
16
46
195
65
71
9
79
31
128
112
36
15
46
31
27
45
48
141
17
71
52
87
7
46
75
73
66
11
157
123
58
68
68
97
44
214
89
18
57
64
124
23
45
134
71
96
196
198
54
65
199
134
68
31
11
69
57
90
115
136
8
69
18
59
55
29
73
44
33
114
32
28
44
81
79
14
10
61
105
80
14
7
41
99
66
149
55
127
108
169
71
71
98
22
44
21
51
74
190
107
6
86
42
57
31
29
36
111
23
85
374
36
61
7
15
24
48
6
149
83
138
55
37
41
119
85
44
24
59
17
57
67
11
8
87
44
53
62
34
96
55
23
52
32
86
201
8
39
13
130
14
119
21
63
165
95
67
34
92
69
119
28
86
172
117
170
42
13
37
69
24
73
176
24
27
29
46
34
155
24
264
136
63
193
22
22
27
103
54
83
87
70
110
165
55
115
34
9
37
59
21
14
28
157
53
8
44
71
29
53
77
59
226
68
49
9
201
46
24
43
36
62
43
78
81
18
43
15
88
88
53
5
108
24
41
62
13
451
27
167
23
12
147
7
21
52
108
69
5
61
14
4
186
39
28
15
119
196
26
82
50
9
32
78
248
102
118
7
123
83
74
33
139
101
43
30
37
46
22
26
30
118
243
37
44
34
83
4
9
5
59
37
44
32
16
21
50
162
41
14
123
29
6
60
17
283
92
49
91
39
174
23
37
22
117
83
73
11
25
37
109
13
72
121
12
151
38
37
70
18
7
35
26
20
69
127
53
40
14
78
5
14
13
34
42
14
148
50
113
24
112
33
28
74
38
99
42
170
68
8
105
42
94
68
97
113
10
58
19
46
112
131
34
23
63
31
37
47
35
75
64
142
142
42
68
219
11
57
114
21
222
46
106
7
192
26
60
81
51
24
242
45
18
21
149
26
97
8
37
30
23
33
8
67
20
66
16
7
192
65
62
62
143
110
39
152
207
17
8
174
44
149
42
108
56
8
19
76
140
264
17
29
27
286
6
39
29
98
24
64
30
23
14
53
79
35
38
148
42
87
170
76
104
34
19
40
319
130
39
24
30
5
42
190
16
31
9
15
92
60
104
63
33
84
147
69
11
117
20
32
56
77
62
7
25
72
44
137
15
65
28
332
54
86
102
66
140
46
73
179
97
76
45
51
55
26
35
201
9
38
66
77
19
77
198
36
152
114
137
46
32
40
13
139
7
37
19
14
29
63
171
29
62
15
94
18
166
69
153
106
106
7
49
20
109
32
131
76
39
11
28
64
22
47
108
101
30
134
13
15
54
16
9
34
47
28
122
20
32
63
53
6
104
110
71
39
13
76
37
27
31
47
119
68
30
19
120
13
107
60
48
69
80
82
103
81
40
93
33
117
91
23
18
13
10
17
11
36
28
33
44
13
88
148
174
146
24
36
128
166
49
40
174
87
67
19
29
120
297
106
280
34
32
53
14
44
71
12
136
26
269
164
164
67
49
8
11
32
30
14
24
131
16
120
78
75
146
137
116
223
79
8
65
221
9
15
10
112
77
77
52
12
31
17
22
18
14
63
36
241
110
53
225
26
31
38
9
9
20
83
118
15
31
4
10
23
37
79
211
5
61
67
121
11
20
67
52
42
8
91
37
17
24
171
40
55
91
40
49
50
60
25
206
18
7
148
79
55
67
11
151
10
93
61
66
60
213
38
83
67
122
43
126
7
28
28
81
5
43
90
41
10
85
182
10
79
50
49
23
114
89
37
10
109
43
60
6
51
20
31
