2
3
29
2
2
2
2
2
2
2
2606
2
2
2
2
2
2
2
3
2
9317
2
2
12890
2
2
3289
2
2
18532
2
2
2
27
3351
2
8664
27
2
4958
3006
27
2
2
2
2
1025
6013
1440
27
3745
2
2
10791
29
2
3
2
2
2
95
2
95
27
11903
2
2
2
2
2026
2
4473
7602
2
27
2
2
2
2
5
5376
313
2
2
8134
27
2
2
27
3
2
27
2
2
2
15127
3764
4
2
196
2
2
2
2
2
29
2
2
2
2
2
2
6058
2
27
27
416
2
2
27
2978
2
4958
2
2
2
2
2
11199
2
2606
2
8664
2
2
2
2
2
2
2
2
2
2
27
2
27
2
2
2
2
2
2
27
2
2
2
2
2
2
2
2
196
15720
2
2606
2
2
5587
682
2
4
2
2
2
27
942
4
2
2
27751
7575
2
2
2
2
2
2
2
2
2
3
2
1427
2
4448
2
29
6
2
2
2
2
2
2
2
8
2
2
945
2
2
2
2
2
27
2
8
2
17575
2
2
95
10358
23684
2
2
27
2
2
2606
16433
3
2
3630
2
2
17497
2
2
63
27
12
2
2
27
2
2
29
2
2
2
2762
2
23016
27
2
27
22391
2
27
2
2
3
2
2
63
17497
2
2
27
2
2
2
27
196
32125
2
2
29
27
2
2
2
2
2
2
2
15688
2
2
2
5
2
2
29
2
6058
12
2
2
2
6558
2
2
2
3
27
2484
95
62
2
2
2
2
4
2
2
2
27
2
2
2
2
2
2
2
5
2
27
2
3175
7602
1025
2
30035
27
2
2
2
2
374
2
2
2
2
4958
6
6058
2
2
2
2
2
2
2
2
2
2
2
27
2
2
2
2
2
3
2
2
2
2
2
2
2
2840
2
2
2
2
2
2
2
2
2
518
2
4668
2
2
2
3
2
4610
27
2484
2
2
5
24
62
7
2
2
2
2
2
2
2
2
2
2
2
27
29
94
2
7602
2
2
2
2
2
18380
2
2
2
2
27
3764
95
14075
17497
29
29
2
2
2
2
2
27
2
3675
8113
62
1059
2
2
2
2
2
2
8664
7
2
2
2
7796
54
2
2
2
199
2
313
2
2
3006
2
27
3351
2
2
2
2
2
2
2
2
2
2
2
2
27
2
62
2
2
15720
2
2
2
2
2
2
7592
2
2
2
2
2
62
2
2
2
31
2
3159
2
2
27
40
2
2
2
10
2
2
2
2
2
2
1848
8717
2
2
5376
2
8409
2
2
23
3747
27
2
27
2
3
2
2
27
2
2
2
27
2
2
2
2
2
29
4792
2
95
10071
29
1025
2
2
2
2
2
2
2
2
2
2
2
2
2
7050
8748
2706
4958
2
2
2
2
3
40
2
2
2
2
2
3
2
2
2
27
27
2
3
2
3745
2
2
2
2
2
2
2
2
3158
5
27
2
2
2
95
27
1734
4
4
2
2
2
2
28
2
2
2
16998
2
5
3
2
29
2
27
8924
2
9107
27
2
2
27
2
2
2
2
2
25351
2
18967
2
18924
2
2
2
2
2
2
2
3
2
2
3
2
2
12
2
2
29
2
8616
27
15485
2
27
2
27
2
29
3
2
2427
2
3764
2
2
2
140
2
2
27
29
2
2
2
2
2
2
2
29
2
2
29
2
11871
2
2
27
2
2
27
2
29
2
27
2
2
332
2
6964
2
3006
15699
2
2
2
2
2
27
2
2
13934
2
2
2
2
1025
3521
2
2
2
2
2
2
2
2
2
2
2
2
2
2
2
2
2
29
29
27
27
27
2
2
29
2
2
27
2
2
27
18282
2
2
5951
27
943
2
2
4289
27
2
652
2
2
2
12814
2
10901
2
18301
2
2
29
3
2
1166
15332
5
27
2
29
2
2
3
2
27
6108
2
62
2
2
2
2
27
2
2
2
2
2328
2
3
2
3
2
2
2
2
2
2
2
2
2
2
2
27
2
2
3
12
7050
2
2
10880
2
2
9693
3764
2
2
2
2
63
2
2
2
27
200
3719
2
3398
2
27104
2
46834
2
2
7
2
2
2
2954
2
2
2
2
2
2
2
2
27
2
15720
6964
2
2
2
2
2
879
27
27
27
2
3
2
2
2
2
2
2
11392
8664
2
63
2
383
27
2
5
34339
2
2
199
32120
2
2
2
2
2
2
2
2
2
17
2
2
1025
7214
2
97
2
2
2
2
29
2
4958
3
2
2
2
6621
2
2
3392
25
2
2
7431
2
2
2
2
167
27
2
196
1966
8117
909
2
30
5
3006
2
2
2
27
29
2
2
2
3
2
2
3414
2
2
27
2
2
7
27
5376
2
2
2
16626
2
23
29
18148
2
2
2
2
6316
2
3
2
4
2
2
2
29
2
2
281
2
5808
2
27
2
2
2
2
2
2
2
2
2
287
2
2
27
2
2
2
2
2
2
2
10670
2
3
2
27
11198
2
2012
942
2
2
63
3
11871
2
2
2
2
3764
2
2
1711
2
2
2
3764
2
2
2
2
2
27
3
2
2
2
2
2
2
2
2
2
2
2
29
1711
27
2
2
100
2
2
2
7602
2
29
3537
2
3764
2
27
2
2
2
73
9107
2
2
2
17497
8664
2
2
3764
6
2
29
2
2
2
2
2
63
2
2
29
2
27
2
2
2
12570
2
2
2
1025
314
2
2
2563
2
2
2
12
63
2
2
2
8771
2
2
2
27
13934
2
2
2
2
2
2
2
29
5575
27
8664
2
2
2
5
2
2
2
2
2
11
6202
7
2
2
27
27
2
27
2
2
4
3592
2
416
2
2
3
2
2
2
27
2024
876
2
2
2
3004
2
2
2
2
7602
2
2
2
2
2
2
3
2
2
2
713
2
2
2
6
2
15
2
29
8664
2
2
2
2
2
2
2
27
4151
2
2
2
8333
4958
2
3
2
2
2
2
12065
2
2
2
27
2
21243
2
2
27
2
2
100
2
2
2
4228
6027
14483
2
10350
6
2
1391
3
29
7
2
3351
2
94
9345
2
27
2
2461
2
2
27
2
273
94
2
2
2
127
27
20951
2
148
2
2
2
2
2
27
2
2
2
29
29
27
2
2
2
2
2
2
2
2
5
2
2
2
2
1301
3
7
1748
196
2
2
2
3
2
3
2
2
2
29
2
2
2
2
2
32123
2
27
10770
2
2
196
27
2
2
2
100
2
2
5
2
2
63
2
62
2
2960
2
9084
2
2
27
8756
2
12275
27
27
42482
2
27
2
2
27
25
2
2
2
2
2
2
826
2
2
2
2
2
2
2
2
2
2
2
2
2
2
27
2
2
2
29
2
29
2
2
5
2
2
2
2
27
2
2
12320
2
2
2
2
3
27
2
2
2
2
2
2
2
27
2
2
129
5
2
2
2
2
2
2
2
27
63
2
2
27
3800
32120
62
2
3
3
2
21178
2
2
2
2
2
6058
27
17497
2
2
361
2
2
2
17143
2
2
19815
2
3516
2
2
2
21352
2
27
2
11906
7
2
2
27
27
7050
5
2
2
2
2
2
2
2
9881
2
2
2
3
2
16196
460
27
2
15720
2
4965
8
2484
2
2
7746
5597
2
2
2
7157
2
2
5629
13112
27
2
2
27
3006
2
29
2
3
27
2
2
2
2
2
27129
2
2
2
2
5
2
1013
10374
2
2
2
43
2
66
2
2
2
2
3
2
3
2
2
2
3246
2
2
2
2
27
2
29
2
2
5
5
2
2
2
2
27
3
2
73
63
2
27
29
3
134
2
2
3
3006
2
2
2
55
2
2
8157
2
27
2
2
2
2
2
2
29
1844
2
2
2
2
2
2
2
2
2
2
7712
2484
15720
2
62
15720
2
2
347
2
2
134
2
5319
16555
2
27
2
27
2
2
2
27
2
2
2
27
2
2
2
2
2
2
2
2
1025
27
27
2
2
2
2
2
2
2
27
2
2
27
2
2
27
2
2
2
27
2
2
2
2
2
2
27
2
74
27
2
2
2
3
27
2
2
29
2
2
2
29
2
2
2
28
2
2
2
2
2
2
2
18558
2
2
2
2
6
2
2
2
2
2
947
27
2
27
32120
29
2
4
2
4
27
2
2
29
2
5
2
27
3350
2
2
2
2
18750
2
2
2
2
2
2
2
2
27
2
27
2
2
2
2
27
17888
29
8
2
2
2
2
2
2
16082
2
2
3
2
2
4
2
196
2
2
2
2
2
2
2
2
12799
2
2
2
2
5
16835
2
27
2
2
2
2
2
2
6316
2
2
2
7
3006
2
2
2
2
27
2
29
2
2
2
2
2
2
5
2
2484
5
3
12
2
2
27
27
2494
2
2
35557
3
2
2
15937
3
4
2
2
63
2
2
2
2
2
1910
17994
2
2
2
2
3700
2
2
2
2
2
100
2
2
2
2
2
2
2
2
13352
2
29
3
5452
29
2593
2
2
1987
2
2
2
27
2
27
2
2
2
21230
29
27
15720
2
2
2
2
3
2
2
27
27
2
27
3351
2
2
2
2
2
2
2
2
2
8664
2
2
2
2
2
2
2
2
2
27
2
5
2
4713
2
27
2
2
2
9
3764
2
1013
27
3351
27
196
27
2
25
5
97
2
2
2
2
10493
2
7676
2
2
2
2
2
3
2
5099
2
2
2
2
17968
2
4
2
2
2
2
25
2
9038
4
2
12979
2
2
2
8664
29
2
5
3
63
27
2
2
27
3
2
3
95
2
2
2
2
8664
2
2
100
2
95
2
2
27
17146
2
2
27
2
2
4076
8664
8664
3943
201
2
4811
27
2
15980
8503
2
2
17049
2
12
313
2
2
2
2
2
2
2
2
2
33380
417
27
2
2
2
95
29
2
2
2
196
2
2
4
27
2362
4958
2
27
821
28
3
5980
6389
2
2
27
2
2
2
2
8653
2
2
2
2
2
2
3006
2
6058
3
2
2
2
10838
2
5741
2
2
262
2
29
2
2
2
8230
27
27
17888
10846
2
2
2
2
2
2
2
2
23
2
2
3006
2
27
2
2
3006
22589
6027
2
7
28272
2
2
2
2
4
5
2
8221
2
2
7505
2
6
2
11871
12236
2
2
2
2
2
2
2
2
4507
2
2
2
5
29
6570
2
2
2
44
27
3
63
2
4
29
2978
3
4946
27
2
2
2
2
2
2
2
2
2
2
27
2
2
2
5376
27
2
2
2
2
2
2
15720
2
27
2
359
2
2
27
2
12
2
2
2
3
29
3
63
2
4
3
2
2
2
2
2
2
2
2
2
2
2
2
2
2
12
2
2
23
2
2
2
27
9109
3
2
2
2
63
2
5
2
24451
2
63
2
2
27
2
2
199
27
2
5
29
64
2
3
17143
708
2
2
731
2
2
63
3
27
27
2
15720
2
27
2
2606
2409
3871
2
2
29
452
2
2
2
3
2
2
2
2
2
2
6
3
2
2
2
2
2
2
2
2
2
27
2
2
2
2
2
2
7237
2
2
2
4
62
2
2
2
2
2
2
2
29
2
3
59211
2
2
27
2
2
2
5457
2
4317
2
2
2
2
2
1560
2
2
2
2
9107
10122
1844
27
6
2
2
2
6001
2
2
8
11871
25363
2
2
2
5082
2
3352
2
1225
2
2
2
2
27
27
2
2
3
2
17782
2
942
21903
2
2
2
2
2
27
2
2
4
3
2
2
2
2
27
2
2
2
2
2
2
2
3
2
2
2
2463
2
3764
5282
29244
2
3
2
2
5
2
942
2
11
2
2
3516
2
2
29
27
2
8727
8664
2
27
5729
3
2
2
3413
2
2
2
2411
2
6058
2
3
653
7602
9497
27
2
3
2
11871
7429
2
593
2
2
2
3
29
342
2181
2
2
29
2
27
2
2
2
2
2
2
320
13558
2
5041
2
4
2
2
156
2
3
2
1303
2
2
2
27
5975
201
27
2
2
2
2
2
2
2
2
2
3
2
2
17888
2
15177
2
2
2
2
2
2
2
2
2
2
2
4192
1949
2
2
2
2
27
2
2
2
2
8653
2
2
2
29
2
3
2
2
2
2
2
2
2
1072
2
2
14582
27
2
2
5
27
2
2
5041
10990
2
2348
27
2
25201
451
2
2
2
63
2
2
2
29
2
2
40
2
2
2
2
4
2
2
2
2
2
2
95
27
95
2
2
2
2
2
95
2
2
2
27
2978
95
2
2
27
27
2
2
2
3
2
2
28
2
2
2
27
2
2
2
15413
2
2
92
2
2
2
29
29
2
2
2
2
416
2
27
2
2
2
2
2
2
27
2
2
2
2
69
2
3107
2
2
2
2
2
2606
7
30289
2728
2
2
27
2
2
2
2
2
2
2
2
2
3
2
570
2
2
2
29
27
29
2
2
2
2
3
2
3
2
2
2
2
2
2
2
2
2
2
4
7
2
2
2
3
2
2
2
2
2
2
29
2
2
29
2
1848
2
3
27
2
2
2
2
2
2
2
2
2
1844
2
2
8653
27
2
2
2
2
2
27
2
97
2
2
7
3
27
27
2
27
61
2
2
2283
2
2
27
2
28
2
2
5
2
2
29
2
2
2
2
2
2
11871
2
2
2
27
29
620
1416
2
2
2
2
27
102
95
2
2
2
2
2
3006
29
2
2
2
2
6430
2
2
27
17497
2
10765
2
7602
2
27
95
2
945
95
2
3
27
2
2
2
2
27
12
17497
2
2
2404
2
2
200
27
2
2
2
27
2
2
2
2
1711
2
27
2
6525
5
2
1025
201
2
27
2
2
16755
2
4799
25900
2
2
27
2
2
2
2
2
131
27
2371
29
2
13263
2
2
2
2
2
27
2
2
2
2
27
3234
2
95
2
2
27
27
2
2
460
2
407
2
2
2
4958
2
2
11718
2
2
3
29
3
2
6
7654
73
2
2
2
2
2
2
2
2
2
2
19781
2
2
2
2
3
5
2
2670
2
1488
2484
1625
5
2
2
10407
13513
2
2
27
2
2
100
2
2
2
2
27
2
2
2
6790
2
8664
62
66
2
2
222
2
2
2
2
27
2
2
2
2
26945
313
2
2
2
7032
27
2
4
2
2
2
2
2
2
29
2
8664
3351
2
2
2
10518
2
2
2
4933
2
27
15720
2
2
2
1417
2
2
2
2
5
2
5
2
5
2
2
2
2
2
27
2
2
27
2
2
2
38
7050
8664
2
2
2
2
2
27
2
2
2
29
2
3
19357
2
2
2
2
4
5
2
95
25900
2
226
6910
5
2
2
27
2007
2
2
2
2
2
3006
1752
2
2
3720
61
2
14708
9632
460
2
2
12
2
2
9332
63
95
2
2
2
2
2
2
29
2
2
2
2
2
2
2
2
2
2
2
27
2
2
2
2
27
2
2
2
2
2
2
5
2
1852
2
2
2
2
2
2
2
2
27
17145
27
2
2
2
2
62
2
2
2
27
7
2
2
2
2
2
2
2
27
2
2
2
2
264
2
1072
3
2
2
27
2
2
27
2
18048
2
2
29
2
2
2
2
27
2
2
4768
3439
2
2
2
1983
3
2
2
2
2
2
32120
2
2
2
2
2
2
2
2
2
9107
2
29
2
2
2
2
5
2
29
29
2
2
95
2
32122
2
2
2
2
2
27
2
2
2
2
2
12
2
2
2
27
3734
2
3006
2
2
2
2
2
14698
27
2
2
2
5
7364
2
2
2
2
2
2
2
29
15030
15899
27
54490
2
7707
19166
2
2
4
27
2
2
3132
5980
2
2
2
2
74
2
2
2
5
90
2
2
4958
12333
2
2
2
2
27
72776
27
2
942
2
40
4958
2
29
27
2
2
27
3
2
2
9919
94
2
27
2
63
2
2
2
2
27
2461
2
94
12
2
962
6446
2
9107
2
2
2
10450
2
2
2
2
2
2
27
2
3
2
27
95
9107
2
2
2
2
2
2
2
2
2
2
2
2
3
2
2
2
2
2
2
2
2
2
2
2
2
2
29
4
2
27
2577
2
63
2
15030
27
2
2
2
62
2
2
2
2
2
2
2
2
2
2
2
2
2
2
399
63
2
2
29
2
2
2
2
2
2
2
29
2
5
27
2
27
2
17974
2
2
27
2
2
17143
2
2
13357
2
2
2
2
2
2
2
2
27
2
2
2
2
2
6058
35
2
2
5
29
2
23763
2
2
27
27
2
2
27
6202
2
8381
2
2647
2
2
2
2
2
2
2
2
3
2468
2
2
2
2
2
2
2
2
3
2
2
2
27
2
2
27
2
2
2
2
2
4
20872
192
2
2034
2
2
2
38099
2
2
27
2
27
2
2
2
2
1119
2
2606
2
2
2
2
5
16847
7602
2
3290
2
18440
1711
2
2
5980
2
29
2
2
2
522
5257
27
29
2
27
2
2
53
2
2
2
2
2
2
2
27
2299
62
29
2
2
2
29
2
2
2
2
2
2
2
2
2484
2
2
2
2
2
2
8
2
2
2
3764
12129
27
2
17802
2
2
2
2
2521
265
5
27
27
2
2
12570
2
40
5
2
4
15270
2
94
4210
2
27
27
2
2
27
27
7
29
2
29
29
3871
3
2
2
2
5
2
2
2
2
2
3
29
2
2
2
2
2
27
2
10373
2
3
5088
3
27
100
29
2
2
2
2
2
2
2
2
7
2
10318
2
2
2
2
2
8
170
27
29
2
27
2
2
7425
2
4
2
2
2
28
277
27
4
1844
2
2
2
2
2
2
3099
2
2
9
27
2
2
2
2
5373
32
2
27
2
1519
4
2
19815
2
3
2
2
29
2
2
95
2
2
2
2
2
2
27
2
2
2
42
29
8653
12092
3
2
2
2
4
48
2
2
2
12320
2
2
2
27
1711
29
2
2
3849
2
2
2
26
2
2
2
2
2
2
2
2
3
2
2
2
2
2
2
27
137
2
2
2
27
2
2
2
2
2
4
2
95
9107
5
3351
2
2
2
2
2
2
2
2
2
9
2
2934
2
2
95
2
27
2
3352
29
2
2
2
2
2
2
2
4
2
3
2
2
2
2
2
27
2
199
2461
2
2
2
1103
2
2
2
4
2
5
2
2
2
2
6185
2
2
2
2
2
2
12570
2
2
2
29
6
5597
2
2
95
2
2
2
2
3
2
196
2236
27
3390
2
27
2
2
1738
2
2
27
2
5274
27
2
2
2
3
2
2
27
27
2
27
17888
2
27
2
2
12376
2
17143
2
2
63
2
2
2
2
2
2
2
2
2
2
2
2
2
2
2
2
2
8
5980
2
12
2
2
2
2
2
2
2
2
2
2
2
2
2
2
2
2
2
2
27
2
2
2
2
2
2
3508
2
2
95
2
2
435
2
2
2
6585
2
2
2
27
2
2
8471
27
2
2
2606
2
8752
2
27
5
2
2
27
13593
29
2
4306
2
2
2
529
3
2
2
27
6037
2
2
6050
27
2
2
2
2034
2
2
2
4
2
2
2
2
9388
2
2
2
2
29
2
3
27
2
2
2
2
2
2
2
2
2
343
4
12761
2
1540
15359
2
27
2
2
2
2
2
2
2
2
2
100
2
29
62
2
29
6041
13
460
19294
2
27
2
2
2
100
2
2
3
2
8664
2
2
2
2
2
2
2
2
9701
2
2
2
2
2
2
10
27
2
2
6058
27
2
15485
2
2
2
2
2
2
8
2
5
2
2
8664
45908
13472
2
2
2
27
2
2
27
2
2
2
2
27
6964
2
2
2
2
2
2
2
2
62
2
7
25456
27
2
62
2
2
2
25
2
8911
2
2
2
2
2
27
2
2
2
63
5597
7
27
2
5
2
2
2
27
2
2
2
3
95
2
2
36773
2
2
942
10791
27
2
2
2
6028
2
2
29
3
7602
93
33535
2
2
7449
2
2
4
14483
2
63
2
17990
2
29
2
2
2
5980
27
5
3351
2
2
2
2
2
27
3
2
2
2
17
2
2
9107
2
27
27
2
2
2
2
2
2484
7651
2
2
2
32122
30076
26648
838
2
2
18141
19429
2
196
2
2
3
2
62
2
2
2
9
2
2
32120
2
2
2
2
2
2
2
29
20331
2
13593
2
3
2
2
1852
19847
2
2
2
2
3351
6199
4
2
4
4
21
2
2
2
2
29
2
2
2
2
2
8
2
2
2
95
2
2
8
2
6324
25658
2
2
2
2
2
2
2
97
2
14289
2328
2
2
27
2
2
66
2
6058
2
2
2
2
27
1917
27
69
2
95
2
9
2
2
2
15720
62
2
2
15010
2
27
2
2
2
7431
2
2
2
1072
2
2
27
3
27
27
27
2
2
2
2
27
27
2
2
2
2
3
2
17
2
100
2
2
2
2
2
2
26
2
2
17392
2
2
2
27
2
2
2
3
2
2
40604
2
2
13752
29
2034
2
2
2
2
2
27
2
2
2
2
12722
27
2
2
2
2
2
2
2
2
2
11077
23
2
2
2
2
3491
2
11871
2
9
2
2
2
2
27
2
2
2
2
2
8564
27
2
2
2
2
2
2
10186
2
15709
1711
2
2
27
2
2
2
1573
29
2034
95
2
3532
2
2
2223
3
2
3
2
2
27
2
2
42
3066
2
2
2
2
27
2
5413
2
2
2
2
5980
2
2
2
2
2
27
2
2
2
22635
2
8250
15720
2
2
2
2
2
2
2
17266
2
2
27185
2
4
2
4
2
4388
3496
13745
2
14051
313
2
2
5285
2
2
2
3764
4
4514
17257
2
2
2
6640
3
2
2
2
27
3
2
29
2
2
2
2
7734
2
2
95
17888
2
27
27
27
2
40
2
5376
807
2
2
3
29
2
2
2
2
2
27
2
2
63
1190
2
5
12
2
2
2
2
2
27911
2
2
2
1379
196
2
2
2
2
2
74
2
27
2
2
2
2
2
2
17
5
2
2
2
25900
2
2
2
100
2
35
2
5
27
2
27
2
2
27
2
2681
2
3296
2
29
2
12645
2
27
27
2
27
2
29
2
2
2
2
2
27
27
5
2
2
2
2
3
17888
2
7
2
29
2
40
2
2
2
2606
7420
2
1229
2
15009
2
2
29
3782
27
24368
2
100
27
2
2
2
2
2
8678
2
2
2
2
2
2
5
2
2
15
2
2
7
4
2
2
2
2
2
27
2
3764
12
8
2
196
7303
2
2
2
2
8900
2
2
2
2
2
28272
2
4731
12613
30798
3
16457
2
2
7
27
2
2
2
2
29
20990
2
2
2
2
6
2
27
2
2
8381
29
2
2
2
2
2
2
2
2
2
2
2
95
3006
2
3
2
2
27
2
2
27
2
2
2
15720
2
5
3532
29
2
2
2
2
2
63
2
2
2
2
2
2
2034
2
2
27
2
2
27
2
2
2404
2
2
26
2
2
7505
2
100
62
2
2
2
29
27
14770
2
2
2
2
2
1747
27
2317
2
2
2
2
2
27
19156
2
132
5
2
2
2
2
3
2
7602
2
2
2
2803
2
2
2
2
6162
2
2
2
2
2
2
27
2
2
2
2
2
2
2
2
2
3
2
1130
29
2
62
2
2
2
3764
2
2
2978
2
2
2
14246
2
27
2
2484
2
2
28
12206
63
2
2
2
2
2
2
2
2
2
2
2226
2
29
2
2
2
2
2
3941
2
2
2
2
95
27
2
2
2
2
2
2
2
2
196
27
2
27
2707
2
2
2
2
2
2
3
2
2
2
2
27
2
2
3
2
3
27
2
2
2
2
2
2
2
2
2
2
6058
3
5
2
2
2
2
94
2
27
2
2
2
26
2
2
27
100
2
17146
2
2
2
2
2
2
2
5851
27
4
2
2
2
27
97
2
27
2
94
20955
1372
2
2
3
66
27
2
2
2
2
2
2
2
2
2
2
6
5722
2
32120
7193
2
2
95
2
21
2
2
2
332
2
2
2
9223
2
2
2
2
8736
2
2
29
4
2
2
2
2
2
5698
6
2
20457
2
2
2
2
62
2
2
9285
2
4
27
2
2
2
2
2
2
2
2
2
2
2
2
2
3
3006
11915
27
6028
2
2
136
95
2
3006
2
2
2
9107
2
2
6076
2
2
2
2
2
3351
2
95
5980
27
2
2
2
2
2461
2
95
2
2
29
2
2
2
2
2
27
2
29
7602
2
2
2
2
27
2
2
2
2
2
100
2
2
2
95
2
27
2
29
2
2
63
2
5
2
2
2
2
2
29
2
2
2
2
7
2
2
2
2
2
2
2
2
2
95
2
2
2
2
62
2
2
29
8653
2
2
29
2
5980
2
2
2
2
2
3787
2
4610
29
2
2
3
21
2
2
6037
2
27
2
29
2
95
2
9284
9881
8653
2
69
7001
3
2
2
2
2
2
2
2
3
27
2
5976
2
2
2
2
63
2
1711
2
2
2
1783
2
2
2
2
2
2
2
5
27
2
2
2
2
2
2
2
2
2
2
32120
3
2
529
2
2
2
2484
2
29
6937
6
40
29
2
2
2
27
2
2
2
27
2
52468
2
27
599
2
2
2
2
3
2
2
95
3
2
161
2
2
2
2
2
3
17802
2
2
6058
29
2
2
2
2
2
27
170
2
2
27
2
2693
2
2
43
17497
2
3975
2
2
2
6036
2
2
2
2
2201
2
3
2
255
2
2
2
13268
2
2
27
2
2
2
3006
15485
2
27
2
3006
2
2
3777
2
2
8653
2
2
3
5
2
2
2
3900
3251
2
3
2
2
2
11
2
2
2
2
4
2
2
2
2
2
19270
2
3
2
2
17497
2
2
2
2
2
2
2
2
2
13326
63
27
2
2
27
2
2
565
2
2
131
2
2
2
2
2
2
2
2
2
2
2
2
7416
2
3734
2
95
2
27
2
2
2
2
204
1301
2
18268
2
2
2
2
2
62
1711
3
2
3764
4408
2
2
2
2
2
2
2
2
66
2
2
2
2
2
2
69
3
2
2
2
3006
3
27
8141
2
2
2
2
2
27
2
9107
2660
27
2
5
2
7
27
74
2
2
2
2
27
2
27
27
15047
2
101
2
2
2
2
3
2
2
2
2
2
4020
6
14
2
2
7
2
2
27
2
27
2
15537
2
2
27
945
2
2
2
2
2
2
2
29
8664
2
5
2
27
3276
29
2
7602
116
2
2
29
2
2
27
2
5452
27
2
2
2
313
2
2
27
95
2
2
2176
2
2
5
2
2
3
2
5
2
5
27
5
2
2
2
3516
95
2
2
2
3
2
2
2
2
2
31578
21
2
2
2
2
2
2663
4
8664
2484
2
2
95
2
5
2
6184
2
2
2
2
2
95
2
2
2
2
29
7005
29
2
29
3
2
13383
27
2
2
1711
3
2
196
2
2
2
2
6058
2
2
2
2
27
196
2
3356
3
27
2
2
2
2
2
2
3
3
2
2
29
2
2
2
2
27
27
4
2
27
2
2
2
2
27
7055
2
2
2
2
2
27
2
2
28
2
2
27
2
27
460
2
27
2
2
2
2
2
2
2
2
2
2
3
2
29
3871
7
2
2
2
2
2
2
2
27
2
2
2
2
2
2
26903
2
2
2
2
2
2
2
497
2
95
29
7429
27
5839
2
15720
2
2
29
15720
27
2
2
2
2
16329
9
2
2
2
5980
2
2
2
2002
661
2
2
2
28
27
2
27
2
10791
2
2
2
2
2
2
5753
69
2
2
2
63
2
2
2
2
27
2
7099
2
2
2
27
2
2
2
27
7
2
2
2
2
2
2
27
2
10
27
2
2
2
2
2
2
2
2
2
2
2
2
2
2
2
2
2
27
1986
2
2
2
2
2
3
2
2
2
2
2
27
2
2
3764
2
27
4
2
1917
2
2
7505
27
460
2
2
2
2
3757
2
7050
2
2
2
2
2
40766
2
2
2
2
2
2
11871
27
2
27
2
2
2
2
2
2941
2
29
103
2
27
29
2
2
29
2
4
2
27
11971
2
27
2
2
1127
2
5330
4603
2484
2
2
5980
2
2
1025
5
27
29
10648
2
2
27
8503
2
2
3
137
1025
5
2
8664
1524
320
2
23372
2
27
4
2
2
2
2
2
2
2
4758
2
2
2
3734
3
19436
2
29
5
2
2
2
2
12
196
2
2
3
12236
27
2
2
2
2450
29
2
2
652
6884
2
2
2
2
2
2
2
2
3
27
4
3
5
2
12
27
2
2
27
27
2
7136
2
2
2
27
711
65
2
27
2
27
2
2
25900
2
2
27
2
2
1025
6058
2
2
2
2
2
2
63
2
2
20457
8
2
2
2242
27
2
2
2
2
2
2
2
2
2
2
2
2
2
95
2
2
2
2
27
2
2
17199
2
2
2
2
2
2
5
2
2
2674
2
3764
2
2
28
2
27
2
2
4
2
2
2
95
2
20186
2
27
2
27
6968
2
2
95
33120
12570
2
2
2
29
2
2
2
2
3251
2
2
2
2
2
2
5600
1711
27
2
27
27
2
3351
2
2
2
3
2
2
27
27
2
27
27
2
2
2
8638
2
5
2
95
2
2
2
2
2
27
100
5597
2
2
27
2
375
2
2
2
2
2
11766
2
3
27
2
3
2
2
3
5
2
2
2
27
2
2
2
2
1072
2
1696
2
2
2
4
2
2
2
2
2
2
2
2
27
5
2
2
8653
3
2
2
2
3472
2
2
2
2
27
2
2
3
2
2
2
2
2
27
2
2
27
2
3
2
2
3
27
2
2
2
2
27
5470
2
2
7602
17143
2
2
2
13221
27
2
95
2
2
3
2
23
2
12
6901
2606
2
2
1711
2
2
3
27
2
26
3
2
3
140
2
29
2
17888
95
3786
2
40
27
2
3006
29
2
2
2
2
2
62
2
2
2
2
2
2
2
2
2
2
2
2461
62
3764
15739
34280
7195
2
5
3764
2
6525
2
2
2
27
2
2
2
2
2
27
2
9069
2
2
19613
2
3351
23601
2
2
100
2
2708
2
14289
3
29
2
2
8
40
7
2
29
2
2
3
2
2
2
2
3351
2
1743
2
7158
5600
2
2
2
5
2
4958
1392
32
2
2
2
2
5975
2
2
2
29
6058
2
199
2
2
9107
2
2
5
2
1025
2
27
2
3132
1380
2
2
6076
2
25
2
2
2
8664
5646
2
2
2
2
27
2
2
4
16
63
27
2
2
4
2
27
2
2
2
27
27
63
2
1711
2606
2
3
2
2
2
2
2
5
2
1025
7677
2
4093
2
2
2
2
2
2
3
27
2
27
2
2
27
2
2
2
29
2
27
255
95
29
29
2
2
2
2
2
6058
2
2
2
2
2
2
2
2
12
2
29
2
2
38151
3
2
2
2
2
2
2
27
5
27
27
2
2
2
2
29
27
4
12659
3
2
17143
2
2
2
3006
2
2
2
2
2
2
2
2
2
2
27
2
3
2
2
2
11871
2
2
2
2
2
5
2
16998
2
17497
3
3
11392
2
2
4977
2
2
2
2
903
11
5
2
2
2
29
2
27
2
2
2
2
2
2
2
2
2
5
2
2
13619
2
3
2
27
2
2
2
2
100
63
2
29
63
29
2
2
154
20427
2
2
2
27
2
2
27
2
2
27
29
2
29
13513
62
201
2
38493
27
2
2
3
2
17497
2
2
40
27
3
2
2
2
3
2
2
2
2
2
2
2
2
2
2
10069
2
27
2
2
27
2
62
8911
3
3
3351
2
95
2
11398
2
2
904
8635
2
2
2
100
2
3006
2
2
2
2
2
2
2
2
5
4426
2
2
2
2
2
16997
2
2
15720
23
9719
2
2
29
2
4932
2
2
2
27
2
2
2
2216
5360
792
5
2
2
2
2
14086
2
2
5
3
27
19163
2
29
3
2
27
2
2
2
69
2
12
24849
2
29
2
2
2
12
8043
27
2
2
2
196
2
9235
2
95
2
2
32121
3
2
2
2
27
2
12
2
2
2
29
27
2
841
27
2
22607
2
2
2
2
7431
185
3
2
2
3
2
2
2
2
2
2
2
2
5282
6696
1852
2
2
2
5
27
2
74
6058
2
2
2
2
29
2
2
11433
8381
2
2
2
2
2
63
2
16934
17888
9497
29
2
2
2
6874
2
2
27
2
2
3
27
2
2
27
2
2
29
2
27
2
63
5
2
2
2
2
2
2
2
1276
2
2
2
2
6910
2
2
2
2
2
2
5144
2
2
2
2
4
2
2
3
27
2
12974
27
15806
27
3351
27
2
2
2
2
2
2
1366
2
27
2
2
17143
29
2
2
2
2
2
2
4
2
2
5
2
2
7063
6389
2
2
2
2
2
27
2
1545
2
2
2404
10829
2
12
2
2
324
4
2
50
2
20457
17888
2
2
2
2
3
2
2
8
2
2
2
3
29
2
2
2
2
2
2
95
27
4
2
2
7
4
2
5
3588
2
2
2
2
2
29
2
2
2
196
13221
10089
2
2
2
27
1711
2
2
3
2
2
2
2
2
27
2
2
2
2
2
2
2
27
31406
2
29
2
2
2
2
2
21
2
2
2
2
2
2
2
27
2
37
27
2
1025
15720
2
27
4221
5863
2
27
2
4099
1749
4
1094
2
3351
2
2
2
128
2
2
2
2
2
134
2
2
2
2
2
8664
2
2
2
2
2
62
2
2
5600
2
2
8656
9107
2
27
2
2
2
7
2
29
2
9467
460
27
2
2
2
2
4
5597
3804
29
2484
945
2
2
2
2
189
27
2
2
2
2
11495
2
2
2
2
27
2
2
2
2
7
171
155
2
2
63
2
2
2
2
2
2
4
8822
2
2
2
27
2
2
100
2
2
29
27
3
2
2
27
2
3
2
8653
2
2
2
3871
5
2
29
2
13937
2
2
2
2
2
2
2
2
2
27
27
2
3962
2
1025
27
27
16750
2
3
27
2
19582
2
2
2
3
2
2
2
2
2
2
27
2
2
4543
2
2
2
101
2
23
2
2
2
2
2012
100
2
2
29
7602
2
12688
2
2
2
4782
5
2
199
2
2
2
2
2
29
2
27
8664
2
2
2
27
2
3006
2
2
3
2
2
578
2
2
37172
2
2
1211
578
2
2
23
5452
2
63
2
2
2
5980
3
5
2
5284
27
29
2026
5980
2
2
1025
2
2
2
3
2
4
4958
2
2
11871
4675
2
2
2
2
8664
8664
7602
2
2
27
2
2
2
28
313
2
2
2
11871
2
222
5
2
2
2
2
2
2
2
27
2
27
3006
2
2
2
2
2
2
2
2
2
2
2
2
2
4
27
2
29
29
2
27
2
27
2
2
2
7268
2
2
29
2
24368
2
2
95
5
2
2
2
100
2
2
2
2
4
2
27
1301
2
2
2
2
2
2
2884
2
2
2
2
2
2
2
1868
3
3
2
1001
2
4
27
2
29
2
2
2
5
2034
2
29
9961
8283
2
5
2
2
2
2
2
2
1711
2
2
2
2
2
2
12
2
2
2
29
40
3
35
27
2
2
2
2
2
2
2
32
2
2
27
2
2
196
3
27
2
2
2
95
2
27
62
1005
2
2
2
13755
2
2
27
1607
22659
8942
1025
2
2
3764
95
42
8653
5
27
2
2
4
2
84
2
5
27
11906
2
2
2
8
2
2
2
66
2
2240
2461
2
2
7050
2
2
2
2
1025
2
2
29
12
3
2
2
2
2
2
2
2
2
2
2
2
2
2
29
2
2
2
2484
2
2
27
2
2
2
2
38
2
2
29
10358
2
2
289
2
27
2
27
100
2
2
2
2450
2
18762
2
2
2
49113
27
5
29
2
5
2
2
2
2
8529
2
2
2
6037
2
2
2
2
29
2
2
27
27
2
2
2
1435
2
29
11871
2
196
2
2
14289
2
2
2
27
2
2
27
2
30452
27
2
2
203
2
14
2
29
2
27
3
2
2
159
27
2
27
2
2
5
21054
2
12
3
2
2
2
6671
29
1094
2
29
29
2
2
2
1681
2
2
2
11470
2
2
2
2
9107
2
27
7431
2
2
3309
2
2
2
27
2
2
2
2748
2
2
2
2
2
2
2
2
95
2
27
2
27
15720
2
2
63
2
1820
27
27
32
11871
27
2
2
2
2
27
2
2
2
2
27
2
29
239
4538
2
18924
6
2
27
2
2
9107
2
2
2
3
2
2
2
11321
2
9
2
3830
62
2
27
2
2
27
27
14292
2
2
27
29
2
2
2
18048
2
2
2
2
2
4844
29
2
2
2
2
27
2
8635
2
27
2
2
2
2
6028
2
27
2
3456
2
2
2
2
5563
18821
2
265
27
3
2
2
2
2635
27
2
10358
27
2
27
33300
2
2
3
3
12
10
2
2
2
2
2
136
209
2
2521
2
14289
18946
2
2
28
2
27
2
2
2
2
2
2
27
29
2
2
2
2
2
11032
2
29
2
2
25118
2
2
8654
95
17497
2
17888
2
2
3234
27929
15193
2
4
8
2
3
2
2
2
2
2
2
2
2
2
2
6964
2
2
2
29
2
2
40010
2
2
3764
2
4
1711
2
2
51200
95
8718
2
18558
2
15133
2
2
2
2
29
2
2
100
2
2
2
2
2
2
5
2
944
342
2
2
2
63
2
3
2
27
2
2
40
100
63
2
2
2
2
7591
2
2
2
2
2
27
2
2
10073
27
62
15899
2
8664
2
15353
2
3
1150
2
12511
12
2606
2
2
2
2
4
2
2
27
4112
27
2
2
2
12
2
27
25843
12277
2
2
3777
2
2
2
2
27
17143
2
2
2
2
5980
2
7
2
14582
2
2
13268
2
2
3
2
2
2
2
2
8653
95
99
2
2
2
3
1711
29
27
2
2
669
2
27
2
2
5028
3
2
2
2
2
2
2
8653
2
27
3
1326
2
12087
29
2
2
27
27
11871
2
2
2
27
2
2
7
7
27
2
7623
27
2
29
857
2
3
2
2
2
17354
2
2
27
2
3764
62
100
2
29
2
2
29
2
2
2
2
2
170
2
942
2
529
29
2
2
2
27
2
2
2
27
12
2
2
2
2
3
2
2
29
63
3351
2
27
2
2
199
2
2
2
5
2
4832
2
2
27
74
2
2
2
2
2
32
95
2
3
2
2
2
2
2
205
27
2
27
2
2
2
12
3
27
2
27
2
2
997
2
2
2
3
29
7050
2
2
2
29
2
5291
2
2
2
2
2
2
100
2
4559
2
4
2
2
2
2
2
17059
3
27
63
27
3
710
7431
5665
2
2
2
2
27
4
2
2
2
95
2
29
21
2
10
1430
3
9825
5
2
2
2
27
12
2
649
95
2
2
2
5
29
2
8718
2
4
2
2
2
15720
2
27
2
4382
2
2
2
29
8
8471
2
2
3
7050
2
29
2
2
2
2
388
95
10802
27
27
2
2
2
2
2
2
2
7250
2
2
15720
2
2
2
2
3516
2
2
2
2
24039
2
2
2
8718
2524
2
2
2
2
2
14464
2
27
2
2
6963
2
2
2
2
2
2
2
2
9107
2
2
2
9833
3
27
29
2
2
1791
2
27
2
3
6
95
2
2
2
2
29
5
2
2
2
2
2
2
2
2
2
62
2
27
2
2
2
3751
27
27
9059
2
27
2
2
2
2
2
2
27
5376
15333
2
2
2
2
8664
27
2
5849
3
27
7715
2
2
2
2
6641
29
95
2
2
4141
2
6058
3
2
2
806
2
2
2
2
13020
17888
95
7776
2
2
2
2
12658
3
2
2
2
2
5556
2
2
3351
2
27
2
2
29
14665
2
2
27
7
308
2
2
29
2
7602
27
196
2
17497
2
2
2
2
2
2
2
4254
2
2
6030
7
32
4958
265
6027
4958
7
2
29
2
2
62
2
2
3
3
27
2
3
2
2
27
27
2
2
2
27
2
2
2
2
2
2
2
27
2
2
2
10184
2
3
2
13575
1652
2
12046
2
2
27
196
5435
2
2
27
2
2
2
2
2
9107
95
2
29
2
2
5
17143
5
2
2
2
2
2
30229
2606
2
5
479
27
11871
2
2
62
2
27
4
2
2
2
2
2
2
6
2
2
2
21385
32120
2
7
2
2
2
2
27
3
2
2
9107
32121
2
2
2
2
5
2
2
11087
2
2
2
2
2
1005
2
14417
27
9
2
2
2
2
7
2
2
2
2
13936
3120
2
2
2
2
62
2
2
2
2
2
2
2
6058
2
2
27
2
2
2
27
2
2
7521
2
942
2
2
3
2
2
2
2
2
6058
27
2
2
2
27
2
100
2
2
2
2
2
2
4777
7
2
2
27
2
2
29
4
2
62
2
2
2
2
2
2
27
2
2
2
2
2
2
2
2
2
2
2
2
2
2
2
2
12
2
2
32
2
2
27
2
2
2
2
2
2
2
2
2
2
2
27
27
196
9436
5
2
2
2
2
2
2
17
6
196
2
4
2
27
2
2
4958
2
2
3
2
2
942
29
2
2
16166
2
320
2
7
2
4058
27
2
29
2
2
61
2
2
2
2
2
2
2
2
3
2
12421
2
33181
2
2
2
36619
2
5376
2
6
2
7431
2
2
2
2
2
2
27
2
2
196
29
2
2
29
2
2
2
2
2
2
27
27
2
2
2
2
2
2
2
7
74
13593
2
2
196
1566
27
2
254
2
29
29
2
2
2
2
2
2
27
2
27
4
2
2
2
12974
27
2
2
2
2
2
28536
2
2
2
2625
2
2
2
2
28
27
5
27
16289
2
95
11871
2
95
2
2
2
2
2
2
2
2
27
2
2
2
2
2
21
2
10540
2
2
2
2
909
2
2
27
3
2
986
2
2
7
2
16538
2512
2
2
2
2
6470
2
2
2
27
17497
2
2
27
2
2
2
8
3712
27
27
2
2
2
29
6671
2
2
27
3516
3
2
2
5
2
2
2
2
2
2
4
5257
27
2
2
48
6964
2
2
520
27
2
3944
2
2
2
4958
2
2
27
2
111
95
2
2
2
63
2
2
27
2
2
2
2
2
15720
17143
2
2
100
2
4
2
8
2
2
2
2
2
2
2
5
1907
2
10225
2
6572
3
27
17802
2
2
2
1025
2
2
27
2
2
8653
2
3
5
2
2
2
2
27
13744
2
2
2
4
2
2
2
27
3
2
2
2
2
2
8874
70
2
2
13755
3
3734
2
19815
2
4
27
2
2
7881
2
2
2
27
7005
2
2
2
2
4446
27
2
2
16
4
29
1380
2
16708
2
2239
27
4724
2
3
2
2
21
2
2
2
69
2
27
14239
38
2
2
2
2
27
3
2
2
3764
11
95
95
2
2
2
2
2
29
2
2
2
2
2
5
2
2
2
3
2
2461
2
2
2
2
6058
27
2
2
29
27
2
2
2
3
2
942
4
2
95
2
2
2
2
2
2
2
2
2
2
2
6878
2
2606
15287
17502
3
27
2
27
2
8756
2
2
2
2
10791
2
27
2
2
2
2
2
4
29
298
2
27
2
11682
2
2
2
3006
27
2
2
2
27
21740
3
25900
2
4
2
2
2
2
27
2
2
5
2
2
2
2
2
8653
9283
2
2
2
29029
2
2
2
2
8967
2
2
2
2
2
2
2
27
2
8
2
27
2
5
2
2
2
2
2
23
2
27
12
2
74
99
2223
2
100
27
2
2
2
27
12
2
2
5
2
2
3
2
12
2
2
29
27
2
3
2
2
2
2
2
2
2
2
2
2
2
2
3
3
27
27
27
2
2
2
9497
2
3
27
2
3
27
2
2
2
2
2
27
140
2
27
2
2
4
27
2
3
2
95
1711
29
2
2
27
2980
2
27
196
29
20457
2
2
2
2
460
29
29
2
29
5
6492
2
8569
27
12
2
2
9571
2
2
29
2
2
2
2
2
2
2
27
2
2
6986
2
4801
4963
2
2
3
2
2
27
63
2
2
2
2
2
4
2
2
29
8503
570
5
2
2
2
2
3
2
29
2
9273
3
5
3
27
2
37
2
2
27
10999
2
27
2
2
2
6
11739
2
2
2
2484
1306
2
2
2
27
9742
2
2
2
2
2606
2
2
2
2
27
2
2
2
3669
942
2
9974
2
2
2
2
6679
7939
2
2
12
2
2
27
2
2
4559
2
6
2
2
2
2
2
5201
2857
29
2
2
2
19459
2
2
10512
2
930
6019
2
1251
13072
3
2
199
2
2
2
2
2
2
2
2
2
2
2
4
2
2
7005
19710
27
2
2
3
2
15845
2
2
3
12791
2
29
2694
2
196
2
2
2
4035
2
2
2
2
2
27
2
1711
1308
2
2
29
1711
2
8
5
14698
2
2
2
2
2606
2
2484
2
4311
2
2
2
2
2
2
2
2
3
3
27
18419
2
2
10726
2
2
2
4741
2
2
12139
5452
2
2
2
2
2
2
63
25900
2
94
6744
2
29
140
2
2
2
2
2
2
5980
2
2
2
2
2
2
2
5980
2
2
2
3
2
2
2
2
2
2
2
2
2
8
6
24899
2
2
2
2
2
2
95
2
6058
2
3
2
2
3
5
4726
2
2
27
27
2
2
27
7
2
3
2
2
95
2
2
2
2
2
2
5
2
2
29
2
2
2
8
2
27
2
2
27
27
5
3
65
2
20457
27
2
2
2
5
2
2
2
2
64
2
2
2
2
2
8664
2
21230
17143
11392
5
5982
2
27
2
2
2
2
2
2
2
2
3764
2
32194
2
2
4076
2
2
2
2
2
2
1930
22439
2
16140
27
3764
2
2
2
3
2
2
2
3
2
2
2
32883
2
2
2
29
29
11988
1025
3
2
27
2
1836
2
2
2
196
27
7
8646
2
2
29
2
4035
27
40
2
12
69
29
2
2
6027
2
2
17888
2
2
2
2
3907
1451
27
2
2
15720
12929
2
9029
2
2
7
942
2
27
27
2
2
17101
11753
8299
2
2
2
2
2
2
2
8718
2
2
477
4842
2
3351
27
2
2
2
2
3
27
42
2
2
2
17888
2
952
2
2
2
2
27
2
2
2
10314
2
2
27
10995
2
13475
2
2
27
6389
2
100
320
2
2
2
3745
2
2
2
2
2
29
27
2
7504
2
2
2
196
2
2
2
2
2
2
27
63
2
2
2
2
2
3213
2
29
4
5980
2
11
2
2
2
2
2
32120
2
10655
2
4
5553
2
2
2
2
2
2
2
2
17145
942
2
7602
2
2
2
2
27
2
29
2
2
2
69
2
74
3
2
27
22117
2
2
2
27
97
2
2
2
2
2
27
27
2
2
2
26244
2
2
2
5384
27
5
2
2
369
27
15720
2
2
2
2
3
2
27
2
2
120
2
27
29
2
2
2
945
2
27
2
7
743
2
2
5
2
2
2
2
27
12236
63
2
2
2
2
2
27
5348
2
2
17257
2
2484
3807
2
8727
2
2
2
2
2
2
2
27
2
6553
4930
1300
2
2
27
2
25900
2
2
2
16459
2
27
8312
2
2
2
2
2
2
95
5
3
2
2
2
2
2
3
2
27
2
2
2
2
3
6984
2606
27
2
2
2
2
2
2
2
2
27
2
3
2
6202
421
39
2
3
2
2
2
2
62
2
196
16789
2
2
2
8560
21938
5826
3
2
2
4
40
2
66
2
5564
2
3
5
2
2
2
2
2
2
2
873
17888
16998
2
2
3
3
2
226
2
2
5597
27
2
63
2
5
2
2
2
2
12
7602
2
7
27
27
2
29
2
2
2
2
2
2
2
3
2
2
2
29
2
29
2
2214
2
2
2
2
2
4
9748
1934
2
5
2
2
27
2
1711
2
2
2
2
2
2
27
8509
4517
2
95
2
29
2
2
2
2
3
2
2
2
2
2
3
2
2
2
100
27
2
2
27
2
2
29
16458
2
2
27
2
2
23267
29
2
2
2
2
2
2
27
3
26
2
2
2
2
11823
2
8664
2
2
2
2
340
2
2
27
2
10
2
2
2
5
2
2
2
12087
19
2
29
