104
7
53
81
101
158
114
68
78
84
140
213
228
136
163
110
92
131
137
22
99
102
80
93
141
109
143
53
140
64
43
57
130
68
136
129
126
89
61
88
121
106
122
95
201
10
70
58
87
116
84
99
102
177
25
92
164
47
110
74
105
140
65
111
291
28
217
27
137
91
27
48
78
80
92
199
32
194
117
132
36
74
67
136
154
124
119
30
137
171
196
69
101
32
53
129
151
233
128
141
68
180
157
28
240
202
97
64
73
167
61
147
223
262
70
34
18
58
148
284
109
70
266
64
53
148
185
115
227
164
71
71
35
45
76
51
57
77
114
133
53
73
88
121
147
208
194
68
149
120
205
87
53
173
120
59
51
73
192
36
43
293
219
120
86
64
48
113
54
45
148
170
59
140
38
153
75
272
178
64
75
96
206
252
145
264
103
44
46
91
118
136
130
132
89
267
91
167
188
96
147
56
63
125
135
103
45
58
72
37
43
75
80
79
51
61
92
243
77
60
67
30
134
124
184
176
94
189
110
54
68
63
85
49
96
212
60
60
87
269
125
57
40
86
60
227
36
158
142
91
99
109
56
85
98
154
177
82
46
118
68
114
118
198
31
127
219
167
135
83
56
47
77
98
52
70
155
48
85
232
111
78
228
101
91
54
85
93
68
143
108
21
207
8
41
168
97
97
144
76
29
193
392
129
66
169
80
15
177
80
49
174
29
131
97
125
99
75
229
60
214
53
41
13
112
96
326
61
104
137
126
129
113
126
244
83
84
296
200
208
20
272
55
90
151
166
89
138
56
32
73
135
78
188
76
131
196
37
65
504
190
89
118
118
42
10
161
61
125
41
145
78
174
82
175
235
123
91
40
149
134
97
116
186
74
48
133
152
85
83
54
92
157
150
221
79
42
154
173
105
34
127
188
66
69
179
125
50
58
168
86
139
122
109
72
176
121
157
72
56
175
163
66
213
138
50
48
102
243
109
83
123
78
44
33
200
108
196
195
121
147
122
138
70
156
205
159
153
61
221
101
85
75
492
81
15
50
98
71
166
36
87
87
83
178
93
65
204
234
172
153
48
87
157
14
114
135
132
93
82
135
268
138
201
109
153
64
128
149
152
108
31
45
91
154
60
127
93
199
52
56
138
156
108
118
64
109
29
30
39
307
168
201
113
73
84
65
115
230
110
51
107
62
327
54
39
56
171
306
64
135
199
128
71
90
45
245
21
69
106
260
77
113
87
99
279
161
132
60
120
98
88
186
121
151
82
81
109
95
102
78
50
63
47
100
79
219
124
77
92
72
123
54
209
251
85
158
45
226
106
64
148
166
77
114
23
57
106
201
66
201
51
88
389
142
54
211
29
55
79
59
116
147
178
265
84
153
33
157
63
167
250
107
29
83
103
102
58
120
136
430
135
67
133
55
146
156
222
124
31
23
112
69
50
36
153
93
89
58
181
165
182
179
221
203
148
190
88
24
117
128
71
136
126
80
160
215
14
128
88
138
43
143
91
97
44
145
126
83
110
58
149
102
131
25
63
76
43
115
151
121
58
254
62
37
100
223
60
107
116
62
108
122
176
92
77
105
155
106
139
68
165
38
64
29
151
30
231
145
71
88
83
173
131
149
86
110
73
137
124
55
123
62
213
29
75
218
112
68
70
150
251
102
126
14
104
231
167
144
84
161
138
41
15
61
128
115
200
120
43
145
36
101
91
68
74
63
47
93
68
125
36
39
91
97
90
134
146
307
104
180
76
161
258
115
116
24
196
98
176
101
68
95
122
187
75
155
107
89
110
59
107
127
90
48
92
30
65
30
144
118
87
113
116
61
76
169
205
172
77
117
73
73
173
24
128
126
71
124
38
85
78
82
56
62
202
239
82
57
122
177
210
83
80
121
49
8
198
126
53
52
29
200
199
143
154
83
177
125
149
167
139
120
167
163
162
96
165
38
168
197
169
153
86
104
77
122
92
125
118
240
91
172
140
254
149
244
262
113
301
238
142
120
95
118
241
150
14
209
106
123
236
166
178
132
92
34
240
115
86
96
131
95
355
13
75
128
38
63
85
129
188
178
214
128
105
86
77
33
55
172
151
57
103
72
81
99
73
122
68
129
109
146
68
20
84
29
148
157
73
81
75
140
151
108
77
101
125
150
161
167
11
65
208
49
134
121
55
174
38
81
103
14
77
184
155
112
133
40
38
101
141
82
180
72
253
66
102
97
143
106
59
72
47
125
40
121
97
161
67
56
91
102
50
101
100
265
236
165
62
113
59
51
113
54
40
11
19
101
137
29
238
93
109
107
178
71
131
121
90
167
74
85
31
99
114
191
185
92
166
60
84
214
156
40
79
113
160
91
126
126
127
120
88
113
49
95
76
57
77
307
153
75
91
34
122
41
48
83
72
81
52
53
75
258
20
29
125
87
165
219
54
138
85
69
243
75
82
74
100
72
207
136
96
85
125
44
237
118
214
241
45
75
97
117
95
180
122
179
109
163
91
152
207
190
71
143
20
209
235
94
63
31
98
106
120
88
103
144
175
33
131
79
178
81
83
71
139
135
10
42
88
72
70
89
145
112
174
76
228
213
352
92
102
170
64
121
132
67
93
99
217
92
90
106
215
184
40
74
65
47
83
68
98
162
58
76
113
89
285
127
45
167
66
56
104
94
148
127
143
63
160
135
120
14
36
131
11
52
162
214
67
148
63
118
146
55
116
93
273
89
252
66
58
32
27
242
45
42
79
49
142
160
134
93
131
119
113
127
65
93
523
230
158
34
150
85
152
102
108
90
154
209
55
89
143
198
170
79
64
99
68
111
73
118
228
165
168
32
27
155
105
145
70
140
141
81
147
147
139
59
184
50
33
201
155
66
96
172
65
55
190
130
120
308
142
122
200
43
31
89
304
70
124
189
117
109
174
111
104
72
125
16
77
122
154
59
172
57
75
21
87
163
172
75
82
134
107
201
66
101
41
185
66
101
56
138
124
66
269
126
92
168
96
175
102
74
260
102
106
180
152
99
54
96
33
102
82
238
146
261
150
66
52
105
71
105
15
82
77
46
73
39
156
237
167
156
182
129
64
94
76
49
65
87
156
40
167
52
25
177
195
81
237
209
153
88
53
223
210
12
22
63
115
108
93
271
37
56
102
235
191
110
60
103
162
13
50
94
100
177
36
67
127
161
62
330
76
104
142
209
101
62
135
134
103
134
115
212
143
44
66
100
60
205
98
159
72
152
163
73
154
116
54
143
103
13
137
61
67
112
148
159
82
278
112
61
136
62
104
90
121
256
14
13
92
63
104
24
52
159
138
194
97
122
56
118
47
37
147
99
192
66
126
140
141
245
41
136
207
248
220
103
129
40
86
12
48
29
149
139
128
65
118
182
106
76
112
122
93
70
60
91
110
127
82
202
62
89
58
129
65
24
99
78
83
221
95
77
130
88
143
25
30
61
98
87
33
137
96
138
88
161
252
48
68
54
97
82
81
150
93
107
47
123
10
91
50
137
75
133
124
107
109
22
63
75
52
78
195
89
99
38
110
78
151
111
270
134
88
72
176
183
398
83
114
161
46
144
175
130
127
165
56
118
52
78
231
131
59
72
83
195
54
70
43
63
160
164
78
121
135
117
121
64
61
41
90
69
88
96
68
54
63
55
102
103
138
183
92
81
98
11
111
145
138
85
192
268
52
145
123
87
124
85
176
85
104
48
104
80
68
161
107
118
168
60
44
24
166
108
62
156
193
100
60
131
88
41
57
63
153
142
86
281
52
122
170
78
146
137
106
198
39
93
109
15
158
135
38
115
78
99
147
47
100
153
60
17
15
63
38
119
47
200
40
117
40
57
117
107
86
47
104
23
72
99
162
145
94
62
177
85
67
83
115
132
162
266
60
106
128
68
172
186
99
132
102
90
228
13
128
87
123
130
91
39
58
134
95
54
47
86
83
74
242
91
22
70
117
236
96
200
35
242
59
70
193
140
101
141
197
56
167
64
39
127
58
101
186
29
85
42
161
200
55
29
160
46
203
122
120
138
89
139
120
416
81
165
109
91
172
115
132
151
111
112
120
135
123
42
16
72
221
104
84
170
100
211
100
63
82
35
175
131
107
388
133
87
181
127
78
106
37
88
33
129
63
88
115
62
94
108
49
142
52
261
344
120
158
48
136
100
34
66
85
142
60
40
122
96
106
107
122
129
74
69
8
71
112
38
153
180
185
70
237
169
138
89
133
36
78
97
159
68
130
134
231
113
117
107
44
95
228
180
56
72
103
123
97
63
107
59
238
35
77
134
79
134
53
293
86
81
131
175
126
34
78
112
115
66
38
132
65
351
75
167
78
81
71
59
187
134
178
12
74
133
37
88
79
175
155
18
124
88
25
132
93
94
82
108
21
104
92
62
143
114
69
51
56
219
135
65
65
248
93
219
442
82
30
231
57
48
146
71
35
17
150
33
295
49
25
142
122
141
201
127
134
58
109
110
67
137
164
26
120
91
206
19
59
112
238
191
88
46
89
74
76
39
97
156
69
466
20
195
57
73
111
63
130
78
66
86
123
137
76
46
80
258
41
146
64
33
101
125
152
257
138
125
206
89
68
112
20
139
105
179
80
234
65
104
144
112
114
51
135
153
184
137
113
55
184
164
135
71
132
49
199
76
104
109
108
99
137
322
105
230
95
99
140
51
199
156
273
97
119
125
124
158
107
100
28
129
86
115
167
52
116
36
92
40
78
129
138
136
62
101
118
41
97
187
65
38
200
144
141
68
146
79
32
149
61
47
76
67
99
131
125
202
85
196
77
161
77
100
56
67
68
156
70
99
40
158
171
62
107
56
94
97
86
48
123
331
123
68
47
83
103
150
74
80
268
200
79
201
136
191
73
87
90
71
161
111
198
203
96
118
283
94
132
130
52
212
183
124
109
77
60
40
58
12
45
84
63
102
162
53
38
97
106
97
206
110
128
102
113
93
113
99
116
158
131
35
93
68
150
250
106
100
128
83
119
51
50
174
129
131
65
49
43
37
152
232
167
113
158
75
84
120
90
54
18
220
128
125
231
142
116
28
92
33
236
82
106
43
109
163
113
120
64
187
49
125
175
62
100
92
90
213
210
158
73
227
64
72
133
68
166
127
204
185
129
133
46
112
122
51
89
16
114
182
154
46
60
122
100
51
36
125
70
62
58
56
85
58
117
69
70
67
124
98
182
31
127
47
73
162
169
47
70
72
46
50
51
138
116
80
25
95
63
40
98
174
121
40
96
80
114
201
125
75
131
107
145
173
184
15
43
62
44
145
134
179
167
147
42
11
121
45
84
33
125
96
69
265
55
71
235
59
89
33
34
98
44
74
308
296
60
61
261
163
125
108
150
70
208
194
86
52
87
119
39
183
77
99
135
63
166
67
107
64
76
174
179
60
50
75
229
94
284
150
58
14
111
189
62
156
99
112
47
234
96
77
174
129
96
145
138
124
130
49
101
84
114
186
112
149
134
42
213
140
125
65
112
183
65
134
90
170
143
73
25
70
57
40
45
15
69
19
73
99
123
74
318
98
198
49
29
91
93
131
122
80
310
175
125
32
71
188
141
41
89
47
93
62
135
86
171
45
159
67
110
116
111
130
92
79
90
214
11
51
90
51
127
24
224
109
93
47
103
206
158
83
40
115
68
129
86
51
163
156
17
95
108
178
69
125
95
112
100
192
101
129
125
102
132
200
56
138
125
71
135
132
112
146
73
90
186
96
81
104
185
79
110
80
205
278
148
90
109
84
262
62
135
181
79
20
27
21
145
150
115
82
144
332
61
58
185
112
146
59
59
69
189
91
38
148
63
37
309
103
111
54
121
44
169
191
81
22
74
120
58
77
120
124
46
184
84
212
89
47
127
101
122
118
80
83
163
14
80
303
119
18
287
56
58
106
184
123
106
165
84
69
181
129
76
237
353
90
177
84
64
123
83
106
119
160
104
15
109
169
126
87
129
15
152
202
43
90
389
157
61
119
16
91
147
120
31
104
196
145
121
120
156
42
84
33
111
159
29
163
82
93
282
112
238
336
83
113
61
67
80
230
54
83
142
63
27
123
116
88
258
86
157
106
61
52
89
113
36
111
143
167
39
172
87
112
145
103
221
92
90
63
82
102
119
126
60
143
109
49
104
77
106
197
82
39
55
77
105
85
39
252
78
116
181
46
251
158
129
133
89
162
134
24
88
81
148
236
41
117
245
65
144
122
137
133
65
70
149
150
131
41
26
150
138
91
143
95
293
63
26
122
354
118
19
93
66
128
129
264
141
101
102
67
58
145
256
77
65
47
152
111
49
82
36
18
123
256
60
22
192
113
134
36
259
328
187
95
113
142
201
80
44
110
30
83
93
86
24
118
90
90
223
147
114
139
225
74
103
86
168
87
109
181
99
80
51
93
373
34
126
131
121
85
155
108
85
111
126
285
176
141
127
240
212
125
70
332
185
79
98
135
85
68
105
98
146
149
113
92
31
39
148
176
122
124
161
259
184
59
71
54
32
104
176
93
93
131
156
105
73
70
55
284
156
43
179
58
171
26
89
105
71
60
147
225
206
228
95
105
203
111
32
66
85
133
189
130
125
19
80
35
111
136
94
213
85
165
89
143
156
176
111
54
179
55
108
92
46
105
48
113
250
68
92
60
445
101
257
44
68
44
87
47
51
67
163
89
54
133
230
40
78
41
114
247
140
66
166
124
78
160
111
195
154
81
33
51
91
56
96
161
146
85
194
196
88
102
62
129
115
123
92
53
42
292
81
100
341
56
39
194
111
82
148
93
21
107
118
196
92
122
57
92
99
104
119
38
289
170
189
115
246
72
144
25
208
108
104
117
56
81
110
70
256
151
84
120
161
64
134
151
356
68
173
61
40
138
55
181
97
103
154
147
68
79
188
47
23
139
129
156
96
90
50
101
147
100
161
209
111
87
162
180
186
73
89
60
96
71
177
232
64
63
69
56
77
128
88
122
149
213
76
195
74
83
85
71
176
70
216
182
126
35
116
56
83
147
134
123
68
358
91
139
81
244
77
56
139
121
165
59
304
148
129
96
153
141
145
78
38
59
137
168
58
68
62
231
108
207
132
168
123
320
131
118
232
68
338
60
116
116
100
112
79
324
79
15
151
111
114
113
143
262
378
47
84
47
249
284
114
339
117
87
114
190
84
104
121
140
82
91
52
98
133
390
158
66
64
8
221
89
75
131
76
44
106
193
138
115
20
75
201
121
87
158
96
65
83
85
35
58
125
139
156
214
142
73
24
40
347
159
142
97
130
116
160
48
68
70
76
105
127
118
101
49
131
78
166
58
141
255
90
66
48
53
79
89
52
138
158
36
53
74
145
27
93
17
112
59
250
66
122
249
55
92
122
109
154
71
85
75
186
143
131
46
235
92
94
98
117
48
89
124
113
58
69
124
70
129
194
28
104
105
9
92
153
23
106
80
146
81
128
137
24
87
125
116
289
89
115
49
74
77
177
197
77
92
111
176
91
70
187
149
54
138
90
273
125
45
35
121
183
231
75
82
150
116
41
160
171
116
73
33
11
119
93
60
45
16
42
128
59
204
64
83
28
289
265
110
81
53
59
94
92
41
30
68
73
83
74
95
109
214
102
361
95
113
88
51
41
248
360
145
314
118
35
138
103
289
265
124
157
11
247
220
46
119
101
77
123
118
29
21
98
141
63
268
102
155
98
76
146
46
13
102
89
60
96
85
75
261
12
101
81
147
45
134
162
106
74
79
39
156
112
102
132
65
102
202
58
93
125
84
246
141
160
118
75
159
159
178
85
83
131
173
115
58
40
176
72
151
149
95
59
178
130
153
165
265
69
182
77
47
72
98
340
87
64
170
37
203
76
113
41
65
84
208
108
144
22
141
202
192
167
58
128
134
13
114
79
64
199
182
158
48
85
66
63
123
51
167
106
123
25
51
165
47
73
78
73
126
54
153
101
166
60
83
128
182
56
337
178
146
282
114
121
68
114
38
138
43
64
92
136
277
79
118
41
113
172
172
37
52
41
31
130
39
88
92
118
142
131
165
91
121
44
78
145
193
73
74
202
90
6
47
74
78
82
147
109
51
173
110
127
131
164
189
9
57
148
51
93
127
216
56
35
56
73
113
147
98
137
94
127
35
111
90
99
39
64
85
96
66
146
127
219
102
134
118
66
56
117
167
132
401
128
82
245
66
66
226
130
117
277
55
184
89
51
259
91
71
109
155
82
101
92
193
41
120
23
140
107
33
119
44
30
124
41
128
244
186
207
76
68
108
48
226
148
31
86
196
119
260
84
117
51
103
163
100
154
41
156
124
113
272
68
53
62
102
72
137
90
52
171
193
104
129
76
126
95
49
97
143
95
90
104
124
102
84
234
63
159
89
110
171
187
28
129
93
50
98
115
148
167
100
170
103
115
188
94
82
55
58
79
31
60
261
40
195
253
189
146
121
98
71
153
96
167
238
85
30
108
148
51
87
117
94
118
99
114
31
226
161
115
97
192
94
142
123
77
262
303
85
91
50
105
68
109
57
191
111
181
136
144
205
94
146
30
113
14
71
97
93
136
140
45
153
102
73
106
47
185
125
201
46
51
107
93
133
33
45
91
17
130
113
158
33
145
118
108
150
117
116
88
58
111
260
43
31
59
114
24
70
91
242
89
127
184
142
112
129
110
69
142
168
153
134
121
14
104
80
80
65
123
79
92
116
31
76
256
52
13
53
107
118
75
163
55
169
146
126
162
239
71
194
37
93
111
123
127
127
63
120
142
79
113
105
226
90
38
189
62
35
127
123
121
25
30
241
49
95
125
224
174
119
197
92
132
70
187
140
30
43
132
168
134
100
37
89
69
163
109
195
118
64
60
31
23
101
122
161
109
130
82
258
227
132
111
164
127
70
81
150
39
146
18
211
72
135
120
204
125
98
131
151
89
73
84
86
343
104
116
100
171
164
95
79
72
69
101
220
110
131
119
81
111
88
31
112
36
121
195
30
86
32
132
79
96
141
51
81
138
58
129
52
53
197
103
147
170
200
82
45
37
116
228
124
79
101
179
156
32
53
85
184
106
112
203
85
33
57
123
113
101
141
163
82
144
113
91
270
75
200
169
76
101
208
56
114
87
105
52
138
147
97
67
288
66
179
112
80
22
126
28
50
69
43
109
103
96
41
200
81
145
182
121
257
108
185
83
124
108
30
106
56
62
86
146
145
66
79
189
249
33
145
88
118
234
67
260
95
128
154
61
69
107
119
87
226
106
136
109
181
172
248
40
99
51
94
156
78
175
108
103
18
211
127
107
32
78
102
97
258
148
24
38
138
89
129
227
208
54
93
54
100
182
98
16
120
36
83
159
214
72
172
61
91
213
82
149
171
163
88
84
70
83
117
46
48
207
77
138
42
113
42
160
68
122
26
296
93
127
67
78
116
122
53
77
112
106
65
96
294
167
191
102
34
228
88
85
165
53
88
62
62
235
101
112
158
23
142
98
72
201
56
96
78
72
102
35
54
101
84
111
70
169
88
54
34
28
93
117
42
26
83
78
181
64
94
26
133
78
81
87
201
77
14
93
82
60
40
113
392
52
77
106
84
76
66
144
23
323
81
185
30
54
70
53
47
108
87
292
87
164
15
82
116
166
57
35
135
133
123
157
145
72
161
152
248
95
55
101
45
42
57
164
56
148
96
181
109
103
109
87
61
87
111
64
179
114
32
114
36
109
131
97
89
145
140
66
104
204
128
91
99
121
64
84
93
77
149
61
148
117
64
65
73
253
74
54
28
105
76
77
213
24
162
160
94
89
222
154
121
198
79
109
135
156
47
155
122
165
133
221
110
36
111
210
66
22
74
96
81
168
117
115
114
78
91
112
96
128
100
38
61
36
108
90
225
155
44
108
143
101
163
119
172
135
28
164
121
104
91
66
160
138
93
65
60
368
63
123
150
66
85
135
138
114
81
60
138
207
100
152
134
49
122
140
162
126
88
157
118
102
280
56
76
71
73
127
51
137
150
74
83
178
155
115
38
65
91
49
93
205
99
274
100
122
32
117
17
86
129
95
78
85
195
17
20
63
47
63
106
146
114
53
117
163
72
18
85
143
21
15
314
68
128
67
17
46
114
152
52
185
67
56
37
175
108
120
88
169
129
89
126
58
84
76
115
72
26
111
66
123
182
18
146
154
110
24
128
28
79
29
137
93
91
54
128
206
93
76
124
178
292
36
66
69
101
52
59
69
148
98
91
171
162
31
44
97
93
110
49
93
32
86
91
34
128
72
193
67
70
40
33
140
249
235
213
184
103
272
389
35
92
53
56
112
109
180
148
88
48
121
253
65
55
45
201
129
156
42
117
106
25
113
105
17
74
56
58
56
94
203
181
141
41
148
69
86
70
55
71
223
127
71
54
22
103
219
99
37
38
112
186
145
246
112
152
97
176
131
177
182
22
327
69
89
49
75
166
101
147
29
84
52
66
83
63
83
94
54
222
31
65
221
96
29
66
50
107
85
132
129
154
25
323
51
290
73
86
38
135
101
89
85
358
76
122
48
241
104
98
63
247
170
104
76
147
127
110
65
81
131
50
62
134
80
75
159
67
167
170
265
122
78
103
129
79
173
59
112
74
130
34
12
45
48
253
280
74
81
96
154
158
147
99
163
76
160
261
314
114
91
68
105
201
111
125
94
199
60
233
82
232
51
58
53
165
145
96
37
117
87
122
57
105
99
88
147
100
111
67
178
170
105
109
121
92
239
213
67
72
55
56
136
61
92
134
56
218
36
84
53
59
268
68
101
153
110
63
33
149
195
89
90
45
87
209
114
75
60
65
84
114
159
102
103
110
101
90
98
78
40
154
61
139
169
80
36
75
87
160
163
93
90
199
28
42
46
121
353
92
351
13
73
183
84
67
92
67
73
237
129
33
73
47
78
100
83
283
122
55
40
106
300
70
50
111
149
82
105
122
24
94
145
169
18
241
179
109
166
28
170
46
67
140
143
91
69
158
122
215
138
57
247
169
62
121
29
148
174
99
94
154
77
151
158
74
59
116
309
67
119
156
78
240
62
117
127
23
21
105
119
14
114
81
71
117
109
254
244
10
138
148
62
127
92
103
146
90
121
73
86
74
96
137
271
137
162
92
127
48
190
91
69
15
149
205
69
97
141
91
64
89
110
149
126
104
166
80
27
36
149
130
60
62
62
86
43
102
112
93
12
151
109
68
150
87
108
107
72
54
169
67
139
83
35
65
168
106
22
56
102
97
45
111
44
240
48
50
146
121
216
25
69
58
69
120
96
148
72
167
326
71
170
78
120
74
40
80
30
207
154
151
70
97
134
137
188
192
111
157
44
119
113
46
57
131
126
165
47
52
137
9
120
56
124
81
121
53
77
94
100
142
69
103
140
137
89
150
23
180
207
72
154
66
52
105
138
128
135
49
73
153
118
58
84
41
480
174
115
55
80
63
43
73
53
67
59
86
145
192
96
78
169
135
212
85
55
48
136
89
195
190
145
65
68
82
156
248
104
148
79
41
84
93
26
155
138
69
193
268
124
110
130
94
41
198
90
54
111
48
150
115
182
47
97
189
67
248
238
129
130
65
47
150
96
79
56
193
52
149
121
70
54
39
127
28
86
272
93
58
135
118
137
136
75
275
102
30
80
85
108
41
87
71
105
84
205
223
56
102
123
44
108
145
165
140
87
87
166
80
212
71
77
126
74
106
66
94
125
104
59
138
46
72
46
84
79
84
23
103
175
126
96
134
186
114
96
169
142
91
57
156
111
87
202
32
86
90
132
147
91
146
85
104
61
71
305
222
89
23
144
126
154
50
191
43
90
36
89
103
120
117
119
40
194
140
188
198
106
86
33
165
166
275
136
87
91
151
148
29
152
61
63
103
62
94
85
60
8
34
47
96
201
24
65
183
100
34
59
132
95
50
181
144
130
120
58
166
204
115
129
163
277
92
59
29
130
107
144
114
114
66
143
51
115
83
104
100
174
36
53
129
74
15
141
182
201
54
170
151
196
183
139
49
155
70
133
49
71
84
25
84
108
53
61
82
28
24
125
63
166
85
69
148
174
53
78
162
17
134
228
56
127
201
62
178
213
84
50
168
244
142
285
127
54
120
55
96
155
81
92
98
80
343
53
87
171
145
260
51
71
247
150
162
182
148
309
140
81
249
226
186
89
134
33
91
33
15
17
102
14
102
134
129
86
54
66
113
95
145
18
41
73
101
63
14
120
164
135
80
179
99
285
322
52
204
42
43
100
103
21
61
43
68
46
228
75
50
258
91
27
154
98
95
39
151
47
112
99
150
143
51
60
89
39
127
108
85
118
52
62
213
246
81
84
81
49
124
129
182
42
49
163
123
75
134
88
131
69
108
115
147
205
187
118
54
138
45
141
10
192
37
104
50
90
53
85
132
109
137
68
111
178
148
85
51
85
105
16
93
73
84
25
313
106
79
203
136
227
139
142
186
61
90
39
220
227
144
80
70
133
145
88
277
47
115
97
78
130
136
157
29
56
114
237
61
47
214
163
134
89
79
202
90
187
185
105
124
143
54
102
86
113
125
64
43
119
94
52
63
189
149
61
49
264
98
126
104
181
77
100
30
99
98
200
128
197
127
149
157
92
46
128
339
96
140
168
95
124
64
125
153
89
94
49
84
153
136
81
39
149
79
51
46
131
157
112
168
131
141
172
87
122
94
61
159
143
140
85
72
90
101
59
133
152
21
72
83
53
139
124
138
74
90
86
102
89
79
84
65
64
43
35
141
72
96
143
68
143
88
97
194
104
134
42
40
182
125
49
174
164
88
186
138
146
142
47
124
229
146
109
205
13
199
70
14
163
170
44
65
122
25
74
128
25
79
309
97
62
114
130
162
79
163
126
247
56
34
242
105
132
153
216
98
137
201
134
188
117
132
63
261
119
78
92
78
56
80
153
76
238
54
95
122
87
217
139
101
257
190
166
172
69
176
132
104
78
173
51
118
116
73
21
8
86
24
93
90
22
56
54
64
91
165
51
54
104
38
71
177
78
177
57
159
87
180
70
107
153
119
57
151
106
160
87
149
80
51
56
92
167
175
106
167
55
68
166
155
25
186
97
83
116
32
109
103
158
82
185
327
88
223
41
64
290
84
185
304
90
84
306
105
82
181
117
188
43
27
77
99
179
130
190
108
138
87
49
94
72
156
107
107
96
187
128
28
135
38
8
43
160
72
265
65
64
42
114
97
74
54
167
11
147
140
43
56
33
172
273
182
143
93
93
24
147
76
124
122
183
96
197
79
279
160
19
115
92
144
71
145
89
82
74
121
178
85
71
68
94
163
218
109
125
100
107
65
114
77
117
155
164
223
124
106
79
109
360
214
62
60
44
109
89
171
195
55
157
130
67
140
100
86
180
237
88
83
139
76
58
134
155
167
90
51
110
278
95
247
96
236
111
89
156
409
31
82
14
15
36
216
118
68
68
55
69
85
107
104
34
67
48
150
106
58
173
73
159
78
211
37
119
144
118
169
163
69
41
34
99
294
56
91
216
99
147
68
136
103
74
234
119
128
36
88
227
92
32
85
60
117
71
174
49
72
62
96
32
58
75
60
122
101
79
169
112
104
26
62
137
86
65
17
211
79
107
107
263
90
102
142
179
84
139
117
138
30
15
78
11
114
287
57
175
48
74
46
73
143
185
46
210
52
116
26
119
166
138
53
42
242
50
133
208
188
46
63
208
75
25
106
162
67
97
124
86
206
56
75
217
43
109
90
174
152
106
145
208
45
158
69
73
150
110
271
240
139
65
120
157
88
20
136
131
92
169
306
95
80
96
107
108
131
65
99
84
77
67
169
148
120
118
173
172
11
94
18
74
62
123
65
86
96
269
196
20
201
151
247
90
44
124
111
89
33
66
337
262
92
61
200
185
277
50
126
144
99
78
131
142
114
145
96
126
179
38
71
86
98
340
145
170
183
183
189
142
84
241
165
243
211
104
117
75
19
92
246
159
166
179
63
97
101
53
135
193
57
34
144
95
145
57
77
90
109
17
137
50
115
18
119
117
101
14
76
55
196
142
121
48
133
265
164
100
112
201
52
177
73
229
25
91
26
97
81
65
87
101
242
126
35
215
189
181
180
180
133
78
44
95
96
68
152
80
68
178
62
31
65
164
94
169
194
229
161
181
216
114
86
203
146
27
10
183
121
85
73
83
221
97
285
62
98
126
128
152
37
218
347
180
177
108
66
221
106
160
82
158
49
121
265
34
123
145
174
88
51
54
83
77
151
353
73
27
145
43
65
93
88
54
21
77
78
73
232
110
140
39
26
102
65
120
111
213
130
30
155
166
43
122
143
121
147
114
104
160
12
141
103
121
77
69
140
44
130
133
115
74
173
147
44
58
83
95
67
97
54
83
81
96
142
20
52
61
97
51
64
110
33
60
43
158
181
198
88
79
252
71
172
91
164
78
183
154
55
20
72
57
100
53
49
66
95
41
106
185
112
60
80
210
114
64
66
58
188
58
27
293
132
165
96
116
89
49
90
150
66
115
353
307
209
150
145
23
88
84
154
145
51
124
153
75
72
98
91
50
69
70
182
71
175
82
215
316
151
117
49
214
40
135
31
14
87
73
111
17
150
55
125
166
246
146
157
52
69
145
31
82
117
67
140
67
164
145
103
102
49
162
183
52
73
87
158
159
141
263
41
170
90
48
95
194
324
47
196
113
195
167
97
93
153
95
51
190
55
76
48
52
93
103
84
52
28
28
125
76
51
215
43
183
96
117
89
87
163
107
30
77
32
73
119
22
146
75
118
108
114
157
144
166
112
178
109
135
34
160
72
77
21
70
87
213
45
205
94
89
162
162
136
90
33
105
71
106
87
80
42
145
96
39
144
113
193
99
214
104
585
60
86
108
73
248
75
101
49
120
33
119
318
70
126
73
119
106
42
34
62
49
42
102
113
129
150
20
58
105
39
132
207
72
207
175
109
101
76
109
198
160
111
101
106
112
167
126
46
12
126
189
75
179
42
128
101
100
97
114
216
123
136
93
173
95
174
91
163
259
64
71
151
93
99
48
74
63
83
118
154
52
360
158
115
102
52
189
165
153
79
85
95
124
148
103
65
103
50
148
117
173
224
75
168
214
102
44
99
33
270
166
69
72
102
33
181
79
68
263
55
92
82
78
163
13
188
88
204
23
86
64
218
116
47
76
29
130
126
45
82
96
31
76
195
203
68
105
192
51
107
152
108
64
151
44
59
262
247
76
146
87
100
125
63
52
83
118
120
40
143
107
76
23
52
199
59
29
130
126
250
63
148
99
142
177
86
144
114
33
72
98
159
183
93
103
75
157
51
46
78
159
66
150
54
53
212
177
131
98
94
169
54
147
136
46
157
123
38
88
307
114
85
319
108
58
183
297
139
195
106
153
104
66
202
115
51
102
108
48
142
18
144
98
36
169
13
35
183
133
200
94
92
57
45
65
117
118
88
214
54
88
59
199
180
86
52
84
97
145
115
91
133
88
187
39
103
38
114
136
45
140
58
109
18
102
205
275
227
100
280
142
34
156
201
53
35
97
89
20
108
257
105
123
76
51
33
24
60
48
69
43
90
164
133
187
44
25
139
130
53
156
300
91
94
218
94
160
81
90
42
73
113
32
85
154
43
45
96
99
163
70
190
36
483
83
131
85
99
101
92
169
109
166
90
83
87
134
86
74
88
49
43
217
121
60
35
124
313
70
56
47
85
148
240
192
129
72
42
170
172
164
158
99
79
24
147
224
11
40
147
80
224
46
63
130
56
423
76
9
76
74
169
129
163
106
156
126
59
24
62
44
75
94
230
158
109
91
42
55
191
92
147
74
133
103
123
52
34
145
81
73
57
50
122
43
75
68
174
64
61
105
23
65
72
59
110
48
54
181
231
182
72
151
280
70
63
48
79
282
146
48
92
184
108
143
132
135
132
147
93
53
103
151
68
86
236
84
65
96
58
64
104
240
46
80
107
64
109
151
134
63
87
52
137
98
82
146
267
58
191
78
147
22
128
82
200
102
107
149
53
490
122
144
125
22
150
18
132
160
72
33
107
92
122
152
110
42
269
174
136
293
199
62
123
55
126
18
86
30
144
71
156
311
22
121
103
81
80
208
163
209
151
152
99
245
70
81
263
65
87
11
45
104
132
46
52
157
34
73
335
105
142
170
99
57
93
342
108
37
48
43
83
116
30
69
62
82
57
98
163
32
81
88
84
130
153
109
82
184
64
52
133
83
72
56
123
49
74
105
124
122
237
136
124
208
194
131
54
107
85
82
58
89
224
113
35
22
59
40
96
153
58
64
174
105
93
129
263
113
139
120
276
96
94
141
108
36
70
35
272
175
53
40
134
193
149
119
131
89
99
96
47
92
65
121
85
108
89
98
64
142
108
64
70
102
188
181
130
113
107
208
85
107
91
75
51
134
164
51
78
144
55
267
133
144
148
163
67
146
68
74
46
98
119
226
177
80
119
97
151
182
137
101
31
102
226
54
74
192
138
53
226
58
29
55
191
153
130
78
183
136
64
126
92
40
103
122
106
168
261
191
115
182
122
174
36
152
59
132
181
243
62
31
33
101
121
163
84
21
61
114
46
43
137
236
213
166
73
63
255
155
125
85
168
277
93
99
121
141
87
71
159
63
157
96
75
67
76
73
340
327
98
141
68
207
104
225
33
59
227
118
64
39
98
62
45
153
91
188
109
71
113
113
184
169
110
118
39
190
63
11
84
121
85
76
166
74
112
60
63
184
88
180
90
188
278
135
10
125
234
43
104
161
69
184
136
100
42
187
147
105
35
67
106
74
212
63
162
177
153
70
40
188
54
78
112
88
123
138
179
60
39
148
431
190
90
56
51
98
132
109
193
110
114
28
71
98
34
89
40
95
185
182
59
113
81
71
72
90
45
111
62
95
79
31
93
43
80
123
147
149
77
76
158
145
96
339
13
165
264
101
86
80
256
83
54
97
335
337
139
84
174
82
50
101
57
159
89
75
54
63
176
89
96
235
89
121
80
112
89
101
115
30
121
263
14
70
122
92
145
16
97
9
83
107
297
235
99
89
35
117
88
73
161
25
71
106
88
182
228
127
126
124
10
83
107
50
65
55
108
98
158
124
188
82
35
96
27
89
92
24
53
360
152
13
115
123
163
32
61
38
85
80
150
97
30
17
193
55
121
10
117
95
76
86
85
19
77
221
99
142
73
84
117
60
146
17
174
239
148
239
154
12
39
106
41
89
69
98
124
115
114
72
123
166
102
127
164
13
263
31
141
98
149
109
251
116
50
92
68
84
77
46
124
62
86
79
149
181
118
108
109
96
91
310
156
202
119
55
58
73
112
118
221
119
49
151
176
207
77
476
107
246
158
180
470
45
81
58
68
119
78
195
62
101
86
63
180
71
75
346
169
100
155
98
120
26
60
70
153
81
117
81
87
18
134
143
72
46
106
166
150
128
129
105
61
90
147
85
70
132
73
104
70
52
79
163
146
103
153
212
55
107
83
189
50
104
28
91
33
98
85
109
137
62
78
175
150
71
60
130
99
147
135
29
261
31
100
155
187
122
114
258
63
302
76
61
66
108
95
79
52
77
24
88
52
109
110
150
101
167
291
181
119
91
57
196
155
54
86
178
56
158
58
79
63
107
28
56
62
117
168
246
186
149
152
151
216
73
122
220
14
151
207
169
69
32
26
115
144
139
191
90
254
40
47
224
172
53
115
142
20
109
52
157
122
58
87
232
99
130
58
60
113
195
69
100
85
159
309
102
96
61
120
93
8
145
89
95
32
48
155
253
80
158
43
102
31
127
41
37
41
57
57
76
104
143
100
145
79
155
73
104
106
172
282
124
80
38
60
57
121
140
300
152
101
175
194
20
46
100
76
155
85
61
57
85
118
186
102
237
117
100
147
127
121
60
115
57
69
66
94
39
45
103
58
95
73
148
56
175
155
113
84
102
39
56
116
67
149
180
80
26
85
30
61
388
227
91
110
228
189
125
53
13
70
180
82
116
115
223
143
114
244
88
108
163
119
124
111
179
142
216
104
113
94
62
58
58
98
195
146
88
94
287
88
95
17
86
154
110
382
132
124
74
111
97
84
81
126
174
111
88
31
48
87
71
65
101
36
122
44
77
27
90
142
113
47
118
50
163
149
181
112
108
110
57
208
62
18
120
52
201
124
32
108
108
110
92
127
36
112
73
106
61
79
70
92
80
254
97
157
56
99
107
264
190
19
74
109
45
113
114
91
146
123
128
114
70
85
132
159
25
187
155
165
99
58
85
149
130
54
74
144
154
84
135
106
219
208
111
58
207
152
60
114
115
168
85
141
85
84
33
113
195
149
144
114
26
75
177
91
45
130
106
161
104
132
91
158
76
36
73
169
32
258
67
102
58
138
115
55
87
144
74
88
64
195
55
200
59
112
57
17
139
59
50
191
100
101
19
193
89
96
154
117
60
57
71
120
118
164
128
109
108
49
80
163
113
63
32
75
89
79
29
67
76
97
133
191
198
93
213
58
152
175
107
125
226
161
27
62
161
123
59
89
99
324
284
81
127
123
49
51
118
124
286
146
92
43
169
95
60
158
127
47
188
52
115
40
91
44
79
102
168
55
79
178
126
59
48
97
89
11
212
138
245
58
80
304
60
34
60
220
54
77
58
158
301
155
125
102
35
86
102
109
59
213
36
86
94
142
27
128
127
37
33
14
46
242
177
49
171
133
53
244
158
101
63
15
200
170
92
38
84
181
64
50
145
18
113
93
48
162
251
201
238
170
40
134
151
147
132
151
59
103
26
120
73
52
127
104
107
37
103
152
69
86
262
189
69
22
106
96
146
173
110
125
131
65
95
72
54
78
106
57
189
93
220
350
66
96
89
83
30
81
111
179
68
137
125
323
28
111
81
140
52
178
40
108
137
240
115
40
131
42
57
24
86
54
47
112
131
174
35
122
90
113
121
119
159
171
118
199
16
40
27
145
58
53
110
107
86
73
35
84
160
93
105
81
42
78
213
23
135
198
280
211
80
169
134
153
38
68
175
142
65
129
85
21
131
146
83
141
128
135
79
171
117
56
155
134
123
240
90
60
246
128
206
35
112
24
102
203
77
191
54
136
52
37
215
71
73
113
127
120
82
32
81
37
147
90
63
69
163
145
69
138
87
47
122
158
99
49
74
45
162
115
106
146
45
110
30
121
104
107
250
149
75
55
100
111
46
92
149
161
213
158
74
128
73
27
127
162
69
218
229
155
123
153
227
56
90
88
138
143
113
79
289
115
97
82
60
15
140
96
38
157
117
112
103
72
243
212
54
193
191
101
111
46
33
165
60
41
131
190
62
57
164
75
185
35
80
27
86
142
83
115
83
29
169
174
121
9
117
156
102
138
153
338
83
92
113
86
61
152
32
78
82
16
164
97
106
174
224
105
131
39
148
139
153
77
52
86
178
60
84
124
122
60
141
48
146
22
117
100
67
121
330
91
60
115
95
103
33
143
135
140
111
49
96
188
81
144
145
150
25
133
24
229
127
35
185
66
252
268
261
110
76
72
68
143
54
36
88
138
106
42
45
144
90
119
40
165
46
78
239
95
69
243
96
78
68
155
68
149
207
171
159
45
22
61
107
57
177
231
110
206
80
45
115
88
148
100
136
46
120
203
55
69
259
178
149
74
101
69
92
92
61
152
186
48
81
151
73
82
116
143
77
78
144
168
88
47
138
172
29
49
108
205
73
153
52
79
86
190
110
105
222
329
76
175
106
236
131
64
107
259
52
160
133
216
183
130
79
100
128
201
66
160
91
155
96
68
183
104
82
85
94
71
148
169
80
84
68
80
134
121
138
128
41
172
205
144
179
137
78
129
185
144
177
20
72
65
161
84
66
72
29
30
18
172
21
49
82
86
161
313
54
310
33
104
76
213
138
105
134
53
117
264
44
142
129
122
77
138
45
67
81
116
202
140
272
161
126
168
120
34
80
49
94
115
231
151
162
94
182
159
294
36
108
147
74
60
36
61
214
171
115
72
351
30
88
129
81
229
57
35
124
53
200
10
82
53
138
71
35
81
230
79
101
23
186
124
54
127
26
147
38
47
108
49
35
238
133
50
90
74
85
83
36
174
36
60
196
89
157
78
249
62
197
52
36
189
39
172
44
129
124
172
51
209
52
72
37
44
85
251
99
182
215
128
271
130
144
34
58
118
220
205
143
15
143
136
241
102
50
172
120
137
147
219
24
123
59
172
141
105
20
35
127
156
125
73
132
153
64
56
100
66
13
219
89
34
73
195
73
79
89
66
197
142
56
278
96
125
203
146
63
79
25
31
222
82
149
66
89
78
78
188
100
57
76
65
342
176
50
76
40
134
161
99
252
70
53
133
110
141
96
44
199
133
135
71
117
61
147
95
110
267
80
155
180
89
54
149
106
149
73
102
81
53
72
59
133
78
72
52
133
235
77
72
68
105
56
174
127
57
42
198
66
129
170
144
200
34
160
105
147
135
76
354
67
142
85
138
78
175
184
44
145
49
155
103
65
145
129
146
57
94
69
104
129
84
47
86
144
26
85
116
59
64
78
75
313
129
310
78
42
208
57
76
185
112
345
171
229
66
42
32
263
52
135
60
157
39
36
81
47
174
148
68
123
91
92
103
128
118
56
24
131
202
97
147
102
103
108
170
203
126
140
95
165
93
117
85
123
150
122
11
34
109
68
89
67
281
53
82
161
176
115
183
36
125
190
74
44
153
188
254
224
124
143
39
289
420
123
210
240
175
83
79
56
129
149
17
297
183
26
71
172
97
17
60
9
67
86
201
102
83
202
198
107
77
143
51
73
207
121
169
55
103
83
146
70
123
110
129
108
221
160
77
55
112
303
37
51
230
226
72
106
76
53
154
92
87
73
111
212
206
21
108
63
44
112
117
77
65
87
78
97
197
110
82
46
147
50
96
27
166
52
89
99
227
231
204
136
88
97
55
53
163
111
85
93
71
224
233
86
250
119
151
94
166
59
58
75
79
162
179
39
81
184
181
39
11
124
102
131
161
250
302
122
67
85
140
55
131
81
91
138
114
109
79
100
94
275
92
91
48
73
216
43
167
61
130
92
111
45
19
101
36
10
107
198
71
123
75
28
176
214
75
114
73
107
251
68
147
199
110
275
84
127
104
185
256
246
62
81
113
117
102
180
74
222
71
90
60
137
93
23
69
88
109
137
150
55
212
115
136
48
85
160
89
81
109
65
61
161
79
124
183
109
46
93
27
143
225
57
146
73
87
92
63
95
105
111
45
261
175
56
71
78
60
194
25
71
297
35
158
270
102
87
26
159
213
118
116
17
34
248
219
82
316
56
71
174
87
99
130
73
124
114
120
92
82
88
72
99
25
11
38
132
141
133
58
90
128
104
299
80
104
205
158
189
135
84
148
19
158
328
120
71
117
191
14
149
101
84
145
187
43
145
135
109
91
122
123
50
81
22
188
100
115
75
32
131
75
113
120
78
108
70
90
143
50
87
222
151
110
94
57
185
15
71
122
205
83
40
111
65
123
145
117
126
116
43
70
94
53
77
50
76
49
255
150
70
52
186
46
105
27
63
178
124
88
89
53
81
142
97
138
135
85
67
138
82
146
70
23
82
154
72
70
147
52
132
154
46
73
115
129
84
79
86
124
52
144
197
30
52
166
17
172
83
51
132
82
83
148
212
120
40
200
125
289
101
84
89
79
250
71
100
79
58
53
217
158
86
167
243
87
144
175
256
134
231
109
156
53
103
108
98
99
69
50
130
163
322
132
39
93
309
342
113
229
131
95
59
75
55
251
108
141
54
148
87
125
90
91
45
327
72
162
94
181
255
42
122
56
173
142
168
73
188
107
74
133
109
183
195
381
76
65
142
152
212
119
126
33
47
138
209
172
246
144
47
332
200
146
104
71
101
119
31
203
73
298
227
85
110
10
160
119
53
82
52
123
81
142
60
46
130
122
77
154
49
105
29
142
198
206
43
127
191
154
131
157
94
134
115
35
75
158
107
76
64
92
29
183
27
155
203
205
30
164
21
85
129
44
57
110
139
45
18
74
135
36
360
70
75
82
151
56
103
145
93
69
35
208
114
105
99
73
87
133
51
65
97
156
63
150
136
129
42
55
81
164
65
82
92
100
125
37
72
121
147
96
107
95
97
104
48
325
308
48
51
73
155
140
35
103
171
200
168
115
125
78
140
152
92
163
47
59
117
136
58
182
143
112
51
86
202
87
188
213
86
44
64
113
486
102
114
79
111
138
130
94
247
145
21
138
217
42
51
145
146
152
248
85
70
287
62
82
172
75
138
27
27
47
29
69
72
83
85
50
59
115
68
116
71
53
223
94
93
33
20
119
149
207
76
135
92
209
144
64
85
185
138
35
12
35
77
33
139
16
172
28
75
68
279
139
74
64
119
154
165
184
132
42
111
71
17
69
79
116
180
108
128
102
17
129
77
126
227
251
225
176
366
187
109
163
138
147
81
273
58
86
141
71
174
161
26
129
179
245
104
88
46
148
74
112
92
30
96
131
84
126
55
