20
40
67
101
65
54
119
187
153
234
117
32
68
236
99
220
209
69
234
138
123
57
31
52
39
71
228
46
28
23
181
174
35
155
36
145
68
50
53
49
98
150
232
183
27
249
253
82
106
43
57
74
179
99
89
46
46
102
65
48
79
35
94
80
54
51
99
74
24
57
155
28
64
77
239
42
101
79
65
366
46
65
145
31
214
35
104
237
140
206
39
21
36
117
104
36
52
104
75
227
49
16
52
129
76
66
166
215
116
31
76
81
48
40
224
64
65
42
141
124
107
63
146
227
43
120
164
68
73
66
138
268
48
30
71
50
98
43
34
240
85
125
62
214
179
111
173
30
24
149
104
131
93
79
152
54
42
87
62
117
95
376
93
42
33
67
118
57
59
150
28
89
76
85
171
62
62
67
123
34
100
39
128
169
140
99
32
84
83
60
73
208
218
35
163
69
96
68
29
51
129
46
58
53
52
34
27
22
42
141
100
117
144
35
52
138
39
110
69
98
30
162
91
70
18
92
109
192
35
65
54
29
24
113
31
131
81
73
60
26
145
49
61
84
103
151
95
118
156
62
119
129
105
168
97
39
64
68
52
38
47
118
74
426
76
71
99
49
181
45
218
122
49
355
73
143
77
58
62
41
92
21
80
258
48
212
195
222
113
36
134
220
62
199
153
110
45
62
87
62
42
52
33
79
93
26
69
94
73
175
98
51
80
115
90
234
85
33
152
116
50
70
72
52
89
125
126
169
25
115
97
119
52
44
44
60
40
73
108
29
26
124
86
40
43
32
157
23
78
232
72
43
138
41
24
324
57
28
42
120
41
88
31
35
310
37
82
62
166
50
82
224
32
34
84
188
129
54
40
89
64
131
183
47
31
52
117
36
67
43
105
123
24
240
139
39
112
73
31
91
62
115
50
100
158
63
52
48
174
105
166
94
22
214
189
32
46
45
75
175
73
98
87
72
66
66
94
221
73
28
55
58
244
36
48
359
37
75
110
111
55
93
41
76
112
28
166
35
30
102
101
216
100
66
64
246
70
108
63
150
60
30
105
27
91
41
183
307
36
129
55
60
216
36
258
74
95
266
50
35
111
83
64
63
165
170
69
34
266
33
80
172
143
32
106
80
90
141
163
61
100
42
49
68
88
38
56
63
19
249
334
91
135
62
86
122
54
67
85
95
138
74
75
50
165
41
66
31
46
44
48
68
144
124
99
168
51
186
63
58
57
41
36
158
43
163
43
55
301
34
146
152
57
91
110
53
78
239
94
80
280
190
93
29
238
41
19
89
144
84
43
151
118
30
108
45
115
24
146
89
125
64
27
220
205
99
80
48
94
184
140
72
55
41
107
123
198
49
83
211
122
82
120
84
142
132
27
176
46
75
70
89
99
393
69
109
269
183
187
152
161
121
334
67
202
60
69
37
16
30
94
123
66
79
87
39
57
44
188
64
86
147
206
279
405
15
60
34
179
34
296
75
110
211
114
46
33
60
142
199
45
70
110
135
261
69
93
28
193
64
87
94
100
109
51
82
57
117
42
85
23
91
117
174
85
94
63
109
123
101
103
92
73
50
111
113
100
43
155
75
37
46
94
138
49
64
97
48
190
82
49
46
32
47
114
161
35
140
67
55
55
161
103
69
42
89
221
58
84
218
233
200
59
60
172
153
131
80
27
70
43
215
94
122
284
81
65
89
159
211
62
71
101
113
35
88
65
238
29
46
27
60
73
98
159
125
95
55
232
35
42
31
26
91
54
94
86
128
119
126
132
180
169
48
62
151
50
60
35
197
76
89
50
61
25
96
46
140
137
144
61
60
47
343
35
110
100
175
180
33
57
34
122
39
57
86
37
61
41
70
60
57
125
139
97
41
68
61
47
110
76
152
75
121
113
155
37
81
155
54
75
139
139
109
145
111
130
91
37
54
89
40
101
77
27
35
26
110
23
334
90
73
150
85
71
262
73
264
189
67
250
70
254
108
34
243
233
126
53
93
49
73
45
70
122
124
44
45
54
43
58
51
92
143
105
86
91
38
47
53
47
172
42
63
136
53
39
176
63
45
54
30
34
139
46
48
82
62
122
89
102
161
64
71
70
50
135
63
115
107
89
109
94
90
226
332
185
77
336
247
25
32
74
47
108
113
196
68
46
229
115
86
135
194
72
71
223
169
111
51
501
100
60
72
35
49
276
54
72
71
151
31
85
97
103
241
50
122
82
28
103
136
54
157
101
136
214
24
101
202
28
61
33
106
159
45
165
45
128
73
182
101
114
181
214
30
33
25
121
101
128
33
83
131
84
184
47
101
60
20
55
88
141
72
109
46
168
183
61
42
18
102
87
119
136
57
96
33
56
56
125
17
71
174
30
135
298
250
69
171
161
59
153
222
57
80
43
145
100
287
352
128
59
256
69
30
101
61
105
49
28
257
269
25
45
41
112
160
64
48
64
167
110
379
505
61
34
18
34
43
25
27
60
118
190
51
52
110
50
42
82
127
68
85
437
166
121
20
164
46
57
76
65
100
219
52
106
57
96
184
81
380
53
215
65
78
37
149
67
122
35
152
79
65
55
36
85
93
153
53
112
44
250
57
97
48
79
55
63
91
95
54
72
85
106
61
51
169
105
132
91
146
73
84
10
81
68
38
70
268
63
144
61
57
101
179
57
173
153
112
135
62
111
42
188
58
137
124
88
57
93
156
63
44
55
118
42
87
67
218
41
252
90
183
80
449
111
33
224
45
111
62
73
138
318
52
31
192
113
125
65
138
102
95
34
81
150
34
137
54
174
120
81
96
135
38
49
30
208
51
79
185
31
58
62
89
62
29
159
35
53
90
170
70
61
52
169
207
115
59
260
50
165
124
98
181
192
69
91
81
66
59
63
46
66
145
116
98
36
169
82
61
93
149
48
27
121
111
70
88
90
105
147
30
79
84
106
24
56
173
160
22
127
110
280
36
32
169
56
150
60
156
76
92
95
81
90
59
151
37
263
84
97
54
180
50
73
165
124
88
42
46
98
213
65
30
53
25
44
50
117
244
55
57
59
63
128
120
77
209
24
226
53
193
56
36
57
32
231
109
190
152
92
45
111
497
65
80
68
90
280
23
171
321
215
47
47
139
221
28
91
160
257
131
23
68
27
75
52
255
134
65
134
94
296
57
132
68
137
124
39
106
46
88
43
90
223
120
125
81
111
114
249
159
74
63
66
52
31
58
68
342
288
66
98
51
63
189
219
37
205
87
87
149
99
69
30
254
185
132
116
25
75
72
183
173
48
147
316
80
240
81
115
105
37
187
87
84
108
66
248
41
76
98
150
60
249
75
36
166
155
73
201
33
63
40
227
66
78
62
87
174
26
14
89
46
188
138
107
64
24
92
121
111
110
102
204
142
32
42
221
28
98
57
42
190
42
48
205
37
79
70
52
70
81
27
35
69
317
37
49
343
80
119
68
106
105
125
53
68
96
99
46
239
180
102
24
113
81
55
63
194
112
101
30
127
96
88
34
89
81
53
26
72
59
61
25
179
165
75
109
161
56
53
155
79
104
54
21
82
81
129
305
36
118
41
380
56
39
113
66
24
178
107
125
323
130
167
99
96
133
110
51
82
100
120
32
20
39
130
93
105
121
150
265
169
45
115
64
106
142
60
205
74
160
35
47
105
42
33
159
101
74
62
49
257
135
88
31
57
22
89
51
51
59
47
54
48
52
176
207
113
64
210
59
24
50
76
38
83
104
111
76
52
113
69
90
61
362
63
57
78
33
20
249
30
65
74
259
198
265
29
75
73
58
48
129
34
56
143
22
52
74
65
36
49
145
111
113
88
53
181
66
455
84
111
38
82
149
46
66
87
99
54
46
52
45
143
90
62
92
51
169
53
53
80
331
178
59
30
106
74
103
147
32
123
449
66
98
121
66
395
42
31
131
30
53
213
114
70
91
66
56
71
194
120
85
28
146
101
48
61
114
178
72
122
94
64
94
54
105
174
163
50
79
17
76
180
40
133
31
52
64
54
33
51
36
333
17
124
138
18
86
40
293
95
49
240
125
64
46
195
285
26
156
40
104
89
157
16
178
100
24
41
121
551
184
94
90
37
147
66
84
61
101
173
22
46
162
83
103
33
27
56
87
36
42
588
31
85
80
62
40
78
44
82
135
266
69
72
74
152
82
80
114
128
21
157
41
58
63
52
293
60
165
53
84
50
102
73
304
38
82
62
32
108
149
41
60
27
151
24
71
194
114
170
446
35
59
39
274
103
93
92
57
84
106
27
62
67
82
80
92
40
40
67
136
24
61
176
31
191
81
89
105
118
100
210
45
53
76
117
71
98
66
88
291
49
45
176
105
56
347
489
172
49
54
59
151
75
73
144
42
109
37
272
78
63
148
157
127
90
116
51
45
99
110
210
64
91
76
152
116
125
95
57
32
342
67
47
54
177
120
145
70
83
23
46
139
29
71
47
227
96
86
80
107
67
58
33
38
44
110
149
97
157
33
262
78
241
89
46
39
276
41
194
39
59
42
134
32
66
189
26
59
68
290
90
44
161
38
68
115
147
75
188
29
45
149
361
29
64
143
139
180
53
81
137
201
49
51
22
148
163
113
107
195
99
148
62
272
22
45
15
36
77
52
49
34
107
81
358
72
23
247
75
43
136
55
515
80
153
75
73
86
110
86
57
61
63
75
62
36
250
78
185
153
40
267
92
49
195
62
101
116
40
278
417
37
34
70
70
62
157
166
58
75
54
61
48
37
57
47
86
31
114
255
124
64
37
24
205
109
57
53
67
118
96
82
146
131
59
141
91
181
69
40
77
209
164
180
38
129
35
84
48
204
42
212
229
96
72
73
27
73
167
122
86
198
147
67
88
158
114
87
63
70
73
79
47
48
38
63
268
28
122
58
51
48
102
80
48
41
130
139
88
80
271
115
70
71
31
73
63
191
189
15
46
34
175
93
72
177
497
34
106
31
64
170
83
68
121
110
116
53
66
60
24
27
29
27
58
211
210
254
98
80
107
86
75
70
92
125
59
63
70
349
47
165
18
36
51
99
75
154
125
70
175
31
42
28
360
283
66
28
64
104
17
74
105
46
53
101
78
154
310
141
58
296
360
153
55
101
210
46
40
72
47
51
108
65
98
47
112
67
243
59
56
153
33
80
86
98
41
272
127
52
126
96
91
457
70
460
53
97
92
108
144
72
100
50
24
88
53
42
28
69
302
39
32
24
132
13
68
46
74
114
553
282
226
68
40
50
40
124
57
32
274
98
373
109
54
130
72
93
116
151
55
30
51
285
30
40
114
25
83
38
26
51
230
74
93
59
97
58
77
42
31
242
57
187
78
49
387
407
70
184
43
47
33
121
29
71
145
314
46
24
55
58
79
236
226
167
474
67
70
76
104
95
152
24
41
37
65
48
185
127
30
55
99
100
68
139
70
102
48
123
140
167
78
136
43
90
48
43
38
18
236
197
43
36
105
169
110
80
79
103
79
20
31
94
120
161
62
299
100
50
84
191
53
40
63
84
64
74
52
284
87
35
52
107
124
171
50
89
99
60
65
112
77
78
79
39
50
47
43
143
101
19
41
92
60
87
45
39
51
138
171
119
53
70
80
39
19
131
86
48
44
189
46
84
225
47
38
161
78
148
203
118
133
26
133
45
57
31
94
95
148
236
170
29
91
45
93
181
24
93
31
75
38
141
67
325
98
30
75
36
219
23
67
115
93
77
55
26
100
49
147
68
45
170
55
64
48
29
130
47
95
21
20
40
51
162
60
66
164
87
88
83
113
35
45
98
141
111
128
33
155
116
38
68
65
75
43
63
61
87
90
138
74
74
26
153
82
84
72
75
75
146
33
144
104
44
36
43
32
162
154
109
44
456
204
110
162
211
149
228
38
108
134
131
173
307
478
18
74
46
114
72
23
94
101
97
91
424
154
331
51
122
122
37
37
59
36
58
40
184
78
93
81
113
33
199
132
79
170
266
87
69
102
78
64
43
51
241
278
17
104
88
74
105
148
27
124
181
66
45
63
46
103
62
115
82
33
89
209
69
37
193
56
86
51
124
92
166
113
136
95
46
37
53
114
22
44
113
50
87
39
141
80
96
89
84
59
243
73
164
95
139
195
109
35
98
51
29
26
103
105
63
46
60
29
110
41
28
62
61
46
36
178
187
176
123
58
210
92
190
45
412
263
90
36
46
203
162
48
77
13
73
114
53
37
271
264
61
39
60
76
470
80
102
108
187
70
113
30
35
99
75
214
67
38
20
54
366
62
346
75
137
258
69
58
254
66
93
42
48
127
183
34
92
77
278
86
135
55
493
100
122
205
159
113
67
46
147
227
59
31
316
58
52
154
184
180
60
54
30
39
193
282
226
215
77
57
46
112
355
64
94
80
74
191
319
195
42
82
103
390
122
144
241
51
194
450
56
101
76
75
136
112
54
85
318
107
84
190
27
61
119
139
44
46
52
151
28
46
279
82
107
30
131
171
34
69
31
142
42
190
122
83
136
138
164
238
108
156
147
148
125
46
100
123
61
132
76
59
158
94
81
126
86
114
84
34
79
309
50
76
36
202
79
142
93
101
33
90
65
44
19
86
159
41
98
49
132
101
229
29
56
96
90
204
48
140
54
48
50
57
77
33
97
71
74
51
76
68
76
41
74
213
124
39
51
89
48
127
61
46
116
156
50
158
39
98
94
23
94
86
56
182
261
153
79
273
53
102
67
96
44
140
57
151
33
45
21
43
121
123
138
40
50
101
142
60
69
78
128
45
55
89
29
220
85
47
147
181
63
33
122
54
31
184
136
27
276
167
61
59
95
41
52
34
32
75
112
383
141
71
75
92
40
122
48
44
77
176
37
86
126
162
275
27
187
135
47
83
292
217
68
75
72
133
183
193
143
197
182
68
95
117
333
115
54
58
119
62
116
46
94
137
172
50
82
58
41
95
107
123
79
96
147
40
47
84
106
161
272
281
348
48
92
693
164
68
102
142
93
451
34
173
118
79
32
58
97
96
60
111
64
62
45
32
74
45
30
99
29
265
76
116
58
91
229
39
33
128
268
102
73
163
129
65
81
72
68
118
222
40
183
19
45
75
102
155
84
32
114
41
84
109
52
86
61
190
98
99
40
148
138
40
59
175
24
173
77
94
144
76
74
32
68
74
36
180
48
39
60
99
55
30
127
31
87
108
45
35
43
134
164
136
39
90
28
41
101
62
57
96
83
96
79
27
33
124
69
40
73
126
148
46
38
162
111
84
73
77
108
39
143
109
245
38
117
175
82
52
85
81
274
40
169
189
81
39
161
62
69
255
124
143
53
47
148
37
90
228
171
59
81
142
53
139
242
159
52
82
60
186
96
79
54
38
145
32
114
40
57
46
59
39
238
172
26
145
109
192
50
59
16
163
49
187
87
121
242
95
126
42
202
47
52
122
84
56
78
208
83
221
88
112
61
124
73
64
120
117
344
422
110
61
84
51
167
337
49
203
34
62
58
44
264
195
69
95
134
114
278
34
61
38
294
123
85
61
87
106
36
197
32
127
241
87
77
70
57
148
188
72
174
27
104
350
40
53
218
179
44
123
118
69
20
80
101
29
51
94
105
432
32
58
126
82
156
71
70
149
103
289
225
58
81
31
50
131
91
21
135
45
83
248
192
53
249
88
38
117
110
44
61
36
39
106
307
81
134
21
154
54
172
74
77
27
113
19
40
263
190
77
47
38
64
44
42
157
73
114
24
69
117
56
37
95
60
47
118
130
88
120
35
116
81
53
108
54
232
101
34
112
61
258
250
79
42
154
100
42
42
34
41
183
108
166
106
39
233
28
118
277
153
153
152
51
46
139
158
77
148
140
96
44
88
122
51
231
35
52
118
123
86
195
48
48
56
53
37
93
83
57
81
91
118
111
58
165
68
121
168
105
166
61
65
36
120
124
66
232
167
277
60
71
115
84
49
247
179
62
185
95
58
93
323
68
98
84
98
101
78
49
149
139
48
66
191
33
86
145
47
94
72
50
222
201
95
130
64
86
65
61
89
40
131
233
69
65
162
127
146
158
35
58
63
92
61
97
99
43
61
35
29
92
78
188
113
46
58
64
36
100
68
139
215
46
64
57
145
77
91
49
63
178
123
28
60
297
77
32
62
33
67
68
32
136
114
31
129
68
58
108
42
260
49
448
65
37
93
212
47
173
31
128
235
64
76
14
62
127
131
132
32
165
153
38
76
78
49
52
128
82
75
109
44
117
59
104
59
108
154
88
46
129
383
440
66
62
43
59
198
67
117
83
272
64
60
80
273
74
62
211
166
75
23
166
67
104
42
35
54
154
53
109
84
23
98
225
111
94
156
39
96
46
201
285
86
615
216
191
79
37
125
99
87
205
106
45
85
95
43
62
64
81
102
66
28
35
67
103
38
141
66
176
33
53
80
40
145
89
40
40
87
33
37
246
41
35
199
68
225
146
71
42
158
29
55
39
96
76
74
36
45
125
215
53
85
79
174
97
95
97
40
30
88
107
69
56
62
170
60
23
103
139
40
125
80
130
73
83
125
30
135
41
149
46
56
91
100
93
53
46
126
165
201
74
175
134
34
250
54
167
43
58
133
117
133
167
308
68
37
51
91
141
48
50
49
43
27
71
52
83
107
136
164
70
151
72
99
66
29
124
51
55
218
66
159
96
34
118
203
32
59
131
179
36
54
52
46
105
186
136
23
26
67
95
25
52
75
76
31
107
48
62
114
100
33
233
97
183
69
171
47
153
132
60
190
94
45
83
76
144
63
261
133
81
154
52
58
58
114
96
43
56
76
50
98
222
55
145
127
67
100
31
67
73
249
43
136
60
82
52
44
127
109
91
53
161
146
64
31
150
115
176
219
37
71
259
44
65
161
40
89
197
67
44
25
57
104
119
79
133
78
313
73
82
115
68
103
329
62
33
84
134
195
60
77
51
92
168
219
157
22
44
173
68
30
159
91
99
49
182
79
39
41
118
58
35
63
48
267
163
67
131
49
190
52
42
77
88
82
57
52
65
61
220
33
36
151
79
83
36
106
125
204
64
31
47
80
190
100
57
95
68
111
70
185
129
40
113
23
28
68
19
156
45
158
137
84
30
48
45
313
140
89
165
91
294
408
37
128
20
63
148
81
51
113
27
118
60
68
70
27
156
144
166
115
130
54
105
136
139
33
73
73
180
118
45
168
51
98
57
99
35
154
37
69
66
70
129
67
54
42
113
131
97
169
89
219
61
175
228
211
32
49
93
42
117
92
35
191
24
42
16
164
91
23
90
83
256
182
55
61
144
198
34
103
82
173
38
111
56
95
51
41
78
45
126
98
73
52
291
25
65
113
60
108
197
75
80
293
24
104
46
100
18
85
101
30
23
65
101
40
212
71
24
65
29
102
95
58
198
169
48
38
132
233
342
52
125
69
61
123
52
43
102
127
192
39
169
21
107
44
77
385
80
59
52
49
320
89
66
164
50
55
311
103
69
80
75
123
40
52
305
41
31
29
166
42
409
91
53
48
144
35
130
108
76
129
156
25
147
57
58
132
73
198
141
90
198
42
38
240
67
139
104
38
50
171
41
74
50
223
105
84
52
116
48
185
58
79
59
115
506
38
30
61
39
57
113
81
228
171
73
99
62
58
52
46
94
46
54
38
17
68
56
95
105
182
63
91
97
156
221
84
93
42
49
283
184
83
235
133
163
73
55
116
196
207
104
74
87
69
43
153
105
63
84
67
19
29
90
100
60
74
346
45
219
240
163
139
110
147
78
53
144
39
60
228
55
89
89
119
28
57
66
80
198
37
269
84
109
129
94
56
98
46
145
85
37
42
66
86
113
115
125
487
64
144
51
46
32
78
64
49
335
93
57
175
62
23
76
62
45
106
101
291
97
44
38
118
37
61
65
63
36
381
136
188
179
160
80
66
58
82
230
53
109
154
211
148
60
114
88
64
215
67
53
45
55
69
113
79
68
34
42
91
50
199
101
174
95
161
108
42
76
20
61
93
137
94
49
57
46
98
139
95
40
84
215
66
122
54
26
107
227
20
56
57
117
124
142
146
133
214
128
65
89
148
108
56
120
60
25
118
103
31
297
75
224
72
82
65
148
26
119
82
149
57
62
339
30
38
113
44
146
91
68
256
117
20
133
63
57
29
36
44
48
84
43
271
92
84
84
188
57
55
27
216
170
76
188
24
118
69
145
44
87
73
161
33
182
87
112
39
177
145
23
95
186
45
81
30
93
95
94
44
58
160
94
141
345
25
48
56
320
29
302
286
161
57
104
170
39
103
136
62
182
117
43
68
26
61
27
72
156
53
151
66
111
119
17
51
28
63
48
73
115
144
78
56
188
133
39
85
33
133
100
31
72
262
113
51
85
26
190
108
33
197
97
36
28
126
159
33
45
175
57
137
20
46
97
81
50
246
49
190
47
73
19
104
161
84
70
145
46
70
42
70
36
31
30
205
34
37
298
46
49
146
70
154
83
54
119
58
121
261
42
78
111
107
95
169
64
24
64
68
111
58
38
184
95
49
77
188
77
86
76
72
61
76
76
52
76
102
70
34
166
215
71
47
68
170
25
112
147
48
102
87
158
50
179
117
81
87
241
48
178
93
270
51
153
71
283
48
62
41
61
208
107
52
41
156
69
46
56
53
102
39
241
25
66
243
74
51
55
119
58
64
112
30
148
376
131
135
39
61
48
86
66
110
242
176
170
72
108
107
37
71
60
167
79
43
56
120
191
133
146
96
27
342
23
356
310
305
49
36
29
61
125
50
125
42
292
30
25
123
67
98
66
58
98
207
37
23
83
197
62
41
46
41
61
50
37
36
76
48
50
65
35
54
140
55
81
185
108
113
76
97
123
105
55
161
71
36
128
46
133
63
60
36
35
162
31
219
167
114
62
243
31
181
183
56
65
118
59
99
120
54
42
155
134
39
140
46
165
36
48
85
216
63
60
223
91
52
26
42
85
156
187
148
237
146
44
556
51
34
51
159
88
126
203
103
26
75
190
74
83
214
60
185
170
166
73
218
162
71
72
211
37
66
250
71
72
72
145
117
151
68
55
63
132
118
112
95
136
98
26
116
36
94
75
113
28
43
181
284
88
168
52
91
196
66
59
98
60
107
48
33
146
43
129
67
79
70
66
78
143
132
89
69
75
37
120
113
45
95
43
50
191
136
39
226
101
51
239
43
110
106
128
53
97
113
70
141
58
98
68
202
22
61
158
119
34
209
152
129
177
123
45
234
112
133
64
55
106
113
195
39
47
29
296
33
434
142
39
168
222
63
107
38
64
42
176
88
80
76
39
66
164
80
68
40
72
186
129
31
131
108
122
143
83
46
68
26
70
273
65
59
49
77
81
47
148
36
63
17
86
125
66
274
67
203
40
47
151
156
112
121
104
171
146
34
76
99
76
258
224
24
45
103
39
28
94
51
80
79
55
41
79
141
30
74
26
168
205
153
67
52
34
83
141
123
87
84
85
176
274
117
70
89
86
54
131
84
108
73
152
35
87
186
142
29
49
23
20
537
19
192
30
25
254
38
38
57
20
292
67
49
69
112
144
57
34
121
123
106
82
259
111
40
204
114
31
51
65
50
108
26
59
16
52
86
290
163
48
283
42
76
65
51
39
26
116
249
126
47
53
176
173
75
94
40
56
29
204
151
91
42
219
156
44
178
733
131
97
31
127
32
139
57
149
170
141
43
72
322
47
87
23
186
43
75
127
58
163
184
45
116
26
41
78
69
111
171
179
115
58
65
148
106
185
35
66
90
90
163
57
195
94
184
20
118
46
101
44
124
42
109
117
192
64
110
124
228
85
87
168
92
60
203
87
255
157
59
71
162
67
111
181
57
64
35
260
137
60
130
80
82
150
67
318
206
151
124
126
164
42
47
22
117
228
222
142
92
95
101
46
51
50
35
174
97
63
127
68
104
308
37
34
82
208
124
84
43
92
50
49
170
197
115
35
88
31
33
27
24
72
81
161
37
100
81
214
124
65
32
43
134
97
139
40
128
43
177
90
48
33
119
108
190
150
73
74
211
45
69
42
67
56
151
162
88
162
95
44
19
54
70
49
95
176
240
240
133
150
52
123
289
66
59
76
384
158
54
186
46
15
87
20
79
108
106
76
525
71
142
163
148
76
31
77
88
80
76
98
27
63
132
103
122
53
153
26
157
83
49
80
44
45
29
96
29
110
47
112
49
67
49
64
109
54
67
84
164
20
38
36
32
309
80
73
137
333
28
80
80
62
79
85
36
55
69
147
26
89
48
147
42
218
111
291
71
25
29
72
105
93
181
108
45
54
86
67
353
255
114
80
19
106
79
60
47
118
60
42
42
171
201
208
123
109
217
37
28
168
87
252
68
545
106
134
41
30
66
35
75
59
88
109
31
55
58
61
69
77
62
75
89
126
161
90
139
20
101
51
130
63
109
83
61
87
62
41
110
153
30
38
178
74
49
59
58
285
75
183
87
45
122
97
66
51
89
39
159
78
20
79
82
117
99
105
106
54
137
57
57
40
138
60
100
80
33
115
36
102
155
43
43
85
354
219
102
116
161
94
31
33
44
79
34
24
82
100
87
90
17
61
53
109
63
226
167
37
72
56
239
253
35
50
55
51
78
53
290
57
65
98
60
90
47
89
135
71
345
73
177
64
33
47
113
74
98
138
110
29
217
206
175
99
90
52
42
105
118
68
128
30
223
41
73
53
28
76
65
74
54
46
62
61
124
25
91
141
53
95
104
33
25
39
44
232
77
27
38
108
41
93
479
43
57
101
27
149
202
141
201
21
122
44
156
152
84
207
81
137
105
165
124
95
24
148
58
145
81
50
96
321
21
23
66
38
80
58
60
75
147
21
45
68
353
122
135
100
111
28
39
37
23
159
38
132
194
47
111
42
57
64
56
81
44
118
109
122
26
74
98
108
171
30
131
130
133
87
83
239
105
177
196
27
21
45
127
53
34
94
72
74
109
20
44
115
28
90
230
74
61
46
41
69
65
143
45
58
66
223
169
32
142
169
60
115
345
78
150
12
28
60
32
41
23
56
34
74
84
102
148
131
232
32
105
35
125
292
27
109
138
130
58
329
104
148
135
224
120
32
141
28
248
63
73
96
348
185
153
124
24
90
69
75
116
101
44
110
59
126
93
34
226
34
65
85
289
60
62
37
158
58
74
75
19
73
90
99
96
37
135
59
109
75
64
210
47
146
61
35
93
70
48
276
328
61
85
192
90
100
72
15
40
51
55
52
71
366
37
78
42
114
240
308
34
117
97
73
157
147
52
71
345
48
112
55
85
66
75
66
176
86
76
142
40
110
46
71
88
116
84
222
212
47
189
28
177
47
111
41
67
208
67
127
139
60
208
91
228
193
78
114
127
112
23
35
136
48
29
73
66
74
261
115
51
254
39
200
85
54
65
46
220
183
80
89
59
51
271
256
54
104
37
104
77
147
52
123
52
126
165
221
124
80
72
53
79
158
117
73
83
95
43
145
86
32
36
127
101
133
217
63
182
41
137
34
71
77
167
65
168
69
75
117
86
24
27
82
174
146
188
43
69
62
50
108
57
91
90
56
85
32
154
78
81
83
73
104
181
78
99
56
59
56
30
113
40
36
88
237
53
303
46
139
132
169
33
167
209
66
36
36
109
47
55
122
52
121
43
61
102
304
124
303
447
88
247
86
362
30
53
48
127
217
51
140
100
80
100
131
50
114
61
182
87
74
62
187
215
79
82
114
25
101
50
77
92
75
105
37
153
49
202
21
64
48
274
80
94
116
39
168
43
137
75
67
73
169
164
223
40
63
298
57
71
35
99
112
62
93
94
282
22
35
57
128
53
153
83
166
41
66
305
60
169
50
43
57
34
358
182
119
104
102
82
65
104
51
110
107
70
100
76
103
72
293
93
28
165
176
30
77
70
85
66
22
71
79
54
193
111
70
109
122
94
56
120
91
262
58
117
111
167
38
196
59
282
42
89
107
42
22
49
107
48
106
46
280
130
45
64
389
36
89
122
269
75
106
371
61
20
69
104
95
230
43
79
61
28
43
77
81
173
37
68
44
28
37
128
68
105
146
67
88
188
66
51
42
120
294
101
26
46
42
279
174
71
66
20
133
40
77
34
65
203
35
46
31
69
64
176
37
134
63
186
42
34
272
55
368
159
141
81
29
49
129
27
45
33
174
35
107
225
56
40
52
22
179
97
158
133
31
52
89
168
88
110
73
15
161
77
36
131
49
276
203
116
61
84
56
233
54
43
40
138
150
169
53
51
174
39
208
111
194
85
99
111
70
144
302
93
22
18
165
118
62
106
70
189
203
73
242
114
181
44
27
75
95
61
56
78
75
66
69
57
172
116
121
104
72
126
86
114
79
304
123
103
54
51
39
118
63
34
88
43
24
237
133
43
49
172
198
52
113
71
81
106
121
104
53
70
171
83
183
180
150
208
113
108
114
84
67
179
141
282
140
162
70
31
68
132
70
106
71
174
72
69
94
165
39
180
149
372
102
84
158
83
393
29
44
79
139
18
73
108
65
63
206
171
25
43
121
117
233
37
138
137
154
137
109
42
61
124
57
66
72
124
45
49
70
124
91
132
59
86
122
120
26
135
19
52
345
22
139
55
148
75
64
41
39
58
66
158
77
489
114
68
41
98
42
262
134
35
67
54
260
44
144
104
210
116
37
112
150
42
152
63
70
39
32
110
46
69
162
139
106
67
57
129
132
128
34
99
288
45
39
75
34
81
44
83
110
36
34
71
219
173
219
48
83
79
99
168
44
159
36
123
95
44
146
198
38
53
103
269
123
186
47
69
85
77
81
117
215
194
131
123
49
98
219
38
33
78
52
31
245
108
156
402
348
321
50
107
240
113
134
60
158
112
80
243
50
171
51
69
60
109
266
52
22
124
162
81
123
51
134
48
313
159
47
87
87
160
88
83
201
102
251
143
147
28
78
52
109
22
94
36
74
188
33
47
32
50
45
54
69
217
148
98
47
90
111
189
260
109
51
77
38
70
130
78
52
141
346
435
297
94
41
86
68
57
119
55
65
63
92
31
31
123
180
159
62
83
133
136
242
141
53
200
133
77
97
123
96
20
44
95
121
84
149
130
89
127
74
116
30
124
120
109
75
117
57
184
165
45
101
131
192
33
36
137
144
46
163
175
62
40
100
37
19
35
64
51
55
53
224
151
57
56
55
175
167
156
117
70
137
40
23
109
21
119
150
66
40
94
52
101
53
56
35
86
86
116
38
293
71
80
64
74
51
48
261
33
68
81
149
323
61
232
78
164
52
59
63
72
111
30
38
59
65
113
58
80
100
43
137
106
39
69
43
138
118
73
34
145
19
120
50
59
106
94
51
72
121
24
57
49
82
89
62
494
68
98
146
72
115
39
149
95
97
259
24
230
70
83
42
49
33
142
81
42
74
42
59
66
135
36
79
212
40
230
22
203
83
107
40
45
50
60
179
83
137
29
94
34
88
86
74
45
73
62
34
47
49
34
119
201
82
33
36
20
72
85
94
119
18
103
108
99
49
118
76
56
185
39
57
197
76
72
30
91
129
42
44
169
91
56
84
44
29
155
42
21
186
55
113
99
43
48
29
282
66
156
80
47
52
82
201
27
165
164
112
155
113
137
20
57
107
27
67
110
83
62
140
185
128
105
124
35
143
141
172
126
163
69
305
149
30
97
194
108
27
417
36
101
64
60
42
123
134
38
137
101
70
127
95
33
48
88
140
78
133
64
188
65
46
35
96
48
52
62
22
37
109
265
78
80
91
77
213
67
48
57
41
90
114
193
109
36
74
39
344
42
107
44
76
117
56
60
73
331
67
115
58
159
66
35
50
31
39
246
82
107
29
16
30
42
104
120
92
210
66
69
196
71
91
42
62
56
36
39
127
63
141
29
421
131
93
118
82
199
117
104
322
53
81
80
57
157
352
222
84
91
265
165
50
80
64
237
14
38
100
188
191
80
59
203
52
87
59
37
97
77
72
137
111
142
59
76
51
49
251
60
112
25
263
137
86
42
88
236
94
112
30
80
155
277
45
109
35
34
85
91
85
239
134
235
61
101
75
79
195
87
152
42
37
79
40
330
185
41
52
69
73
163
81
140
103
65
61
37
110
128
24
123
166
212
86
138
119
20
108
114
21
46
73
53
19
28
117
55
98
82
80
78
37
20
39
95
105
125
260
30
81
115
166
206
83
57
52
44
98
64
62
119
36
156
108
182
48
114
92
37
91
87
199
45
187
62
96
59
84
69
118
103
76
153
35
64
101
39
198
160
160
76
95
75
104
60
66
157
91
64
73
143
82
37
79
130
180
42
134
49
95
56
75
51
84
57
84
57
144
68
197
125
113
156
169
106
123
93
218
32
60
61
139
72
196
54
77
43
74
40
59
52
165
39
196
169
31
44
82
35
55
71
83
118
37
44
107
57
57
81
26
71
158
44
139
76
95
106
34
40
174
276
42
67
69
51
250
89
147
118
41
40
119
62
60
166
43
127
111
43
32
103
44
102
56
132
224
30
43
169
228
79
78
19
117
203
232
179
54
120
95
51
256
39
37
231
52
155
124
47
38
114
39
45
231
77
55
103
114
100
74
43
218
36
58
53
41
115
189
180
80
46
413
56
51
44
136
41
99
144
94
48
63
105
70
34
38
28
169
133
248
185
34
47
56
65
66
210
58
112
46
75
85
62
62
95
51
94
86
36
129
111
81
99
169
124
159
263
28
76
199
52
117
103
122
155
92
191
48
139
29
69
188
49
134
233
44
189
63
58
75
147
36
29
237
88
151
167
94
45
140
48
133
30
436
26
63
61
56
106
107
60
84
199
156
256
82
288
87
147
68
298
100
72
49
166
56
37
87
186
77
53
36
85
34
119
276
36
49
91
46
133
31
62
273
91
90
76
47
147
113
26
41
52
124
48
26
130
108
124
60
160
56
157
62
284
44
150
54
257
127
88
102
49
103
135
151
71
40
86
72
79
302
75
276
218
46
106
141
59
62
159
94
43
150
229
76
194
207
76
40
115
113
61
64
101
209
44
139
62
125
46
127
201
150
208
138
76
38
56
159
66
85
121
462
16
87
73
52
40
34
34
218
34
122
270
81
56
346
191
65
96
18
242
103
72
101
43
88
236
383
199
115
115
54
184
44
57
54
141
19
154
82
94
94
83
109
223
159
321
54
57
143
57
87
140
104
123
191
111
176
178
57
63
122
65
83
44
92
46
36
98
83
56
33
159
48
127
133
45
219
43
32
143
113
63
46
124
72
89
81
122
222
114
140
34
44
335
45
41
42
39
26
126
59
74
149
281
26
49
38
65
105
39
106
129
59
42
134
36
32
86
47
248
65
62
38
230
124
46
129
76
35
98
97
164
58
85
50
40
190
107
104
28
86
44
42
140
56
117
103
30
63
175
29
42
81
15
164
57
110
139
71
154
76
44
47
27
46
520
60
39
70
69
86
58
42
271
21
24
139
48
192
70
30
59
94
87
41
78
269
29
86
75
47
53
80
184
92
98
271
292
123
54
80
55
154
56
215
49
89
59
60
71
120
54
174
63
47
98
121
43
51
279
114
36
37
56
91
82
61
39
99
79
82
69
91
94
115
183
148
38
46
37
99
91
90
96
66
94
71
193
307
117
104
224
149
51
62
37
64
139
74
115
156
187
72
162
65
159
35
106
50
179
120
33
213
123
87
58
107
17
103
80
102
154
163
49
254
231
119
145
117
67
160
72
52
108
70
35
147
299
119
26
72
129
124
114
16
152
70
151
166
33
108
53
44
24
26
85
74
51
78
97
64
87
244
72
64
58
42
65
46
74
131
54
172
349
71
68
310
66
50
112
129
67
118
85
100
44
91
31
493
62
82
100
161
24
236
146
109
32
185
232
227
21
248
217
42
72
54
36
47
159
99
78
56
48
52
50
85
23
86
48
88
82
22
53
57
27
25
81
118
116
53
153
43
56
194
59
197
56
47
148
49
242
90
60
149
77
31
255
30
83
289
57
108
155
266
197
92
195
127
67
62
34
136
24
34
98
27
59
147
183
49
98
83
62
31
65
78
180
212
109
38
45
105
134
171
50
65
78
24
66
74
44
74
199
92
49
69
211
76
93
72
264
49
27
50
39
60
144
135
58
53
124
279
122
40
72
32
64
172
109
22
418
79
42
119
88
42
262
123
25
160
308
33
34
21
106
71
60
141
106
163
82
49
48
57
56
135
360
87
50
175
43
91
115
133
195
119
97
24
101
186
86
68
96
58
129
46
81
50
118
150
111
46
80
90
108
150
231
155
107
53
95
277
80
55
190
200
36
137
70
239
131
144
147
54
124
128
386
47
66
103
103
63
29
58
48
44
131
78
52
126
60
80
86
254
28
41
132
115
44
103
36
222
26
452
161
261
72
63
44
34
42
242
75
101
80
182
120
29
57
120
136
77
97
98
34
348
39
112
174
105
35
45
57
89
63
196
112
28
48
147
67
99
156
62
55
56
47
23
45
143
63
92
101
33
25
105
51
47
104
50
37
165
315
110
57
231
44
154
64
167
87
94
341
162
259
83
91
52
160
53
70
29
73
73
27
88
49
64
45
240
40
95
101
83
41
38
92
202
52
44
26
162
120
38
82
418
497
152
22
123
125
229
100
115
118
68
206
69
129
79
146
131
63
101
39
95
176
71
32
88
22
66
48
107
160
168
86
280
336
128
24
92
75
28
78
143
50
82
134
106
44
70
208
82
139
69
29
171
116
143
58
154
48
60
96
40
61
35
102
143
105
118
35
49
45
190
89
66
198
24
269
145
116
195
76
94
95
268
81
96
28
73
77
65
53
72
74
90
86
180
89
93
70
157
27
117
151
52
41
48
25
64
29
78
99
99
61
21
72
80
79
73
67
41
43
116
149
98
72
47
157
81
306
48
116
27
105
76
53
117
30
94
130
84
82
38
287
81
257
124
118
67
75
224
36
98
33
68
20
331
32
19
110
218
65
190
27
47
114
61
197
341
211
74
162
31
38
116
37
80
265
53
52
29
129
88
228
260
133
89
83
79
128
51
39
29
127
44
70
40
105
111
68
191
63
45
478
70
303
288
43
44
147
138
84
96
154
301
87
170
38
163
116
142
116
75
349
74
66
59
80
126
47
55
35
59
161
164
70
97
73
96
74
173
21
275
79
104
44
228
43
46
182
436
47
110
275
96
64
59
70
90
204
43
114
48
58
71
84
58
81
30
49
284
125
28
280
57
52
142
52
29
122
114
130
60
293
125
47
115
46
55
89
34
120
140
198
58
89
76
105
81
50
168
69
65
69
28
42
122
46
165
107
120
111
68
24
88
58
49
189
50
98
176
159
137
134
71
264
141
110
81
46
66
119
249
212
167
60
105
59
75
40
61
186
183
67
253
52
134
100
43
75
123
197
36
48
34
206
48
112
109
104
79
80
108
52
40
153
139
113
34
93
47
305
34
231
84
128
88
85
144
54
161
82
70
29
78
60
101
369
98
22
23
97
241
101
164
266
64
123
80
29
80
78
101
155
45
103
185
93
240
48
99
93
62
87
70
62
193
74
120
52
36
65
148
235
129
78
64
34
46
260
120
32
80
62
97
254
110
68
25
111
240
152
56
113
52
118
87
91
83
65
183
64
241
35
80
203
91
76
135
49
147
215
49
114
87
103
167
39
156
107
46
47
146
124
49
49
132
49
29
123
31
194
172
169
68
105
119
104
83
111
85
103
92
56
31
33
40
69
132
126
295
43
69
70
111
64
128
39
146
96
29
64
68
55
90
56
225
116
45
86
71
152
78
44
124
93
65
143
104
53
117
42
197
112
79
47
43
228
68
138
48
127
127
40
46
44
39
71
161
99
29
116
96
62
66
110
28
91
59
99
101
29
107
128
46
24
152
46
34
182
335
33
108
111
88
152
124
144
49
57
65
37
46
51
62
110
49
132
30
104
58
223
26
135
74
108
92
69
40
32
67
51
60
69
67
53
47
154
209
96
166
50
38
207
25
101
128
78
88
91
36
44
18
140
158
55
25
61
140
89
48
75
28
276
107
153
91
47
105
49
115
133
95
25
53
61
125
84
33
95
146
154
271
52
73
201
61
27
34
74
47
79
79
72
52
85
83
101
77
97
44
47
156
43
57
28
127
589
103
78
125
57
92
136
20
105
46
38
119
37
221
101
49
187
203
156
66
110
93
57
125
114
145
43
57
257
69
267
41
139
34
59
195
48
35
62
64
58
37
75
38
159
80
58
72
44
85
31
137
43
84
131
45
64
71
39
83
162
46
120
54
63
61
175
113
66
100
69
70
214
118
47
75
48
90
99
293
55
60
156
66
79
131
122
127
93
128
32
136
184
137
126
90
61
34
50
36
40
126
51
53
30
82
179
45
222
96
40
50
108
136
248
48
68
70
367
20
150
223
98
176
34
90
46
162
65
116
35
112
95
186
79
169
109
176
233
105
116
119
74
39
146
151
28
16
67
147
87
50
104
95
51
106
396
100
53
50
96
55
123
71
91
234
86
226
62
116
98
40
106
50
76
161
80
181
127
76
43
165
84
175
47
37
34
267
156
69
176
46
124
66
161
83
164
206
47
275
67
158
133
103
42
46
149
89
110
44
30
90
39
41
80
57
105
55
36
39
84
50
114
127
391
24
116
90
34
151
66
86
53
181
49
70
232
117
63
202
29
92
156
69
58
69
255
67
114
125
74
172
131
44
74
265
63
167
178
41
46
45
22
154
157
65
102
27
36
50
86
97
181
73
46
56
131
130
73
87
186
72
83
45
231
41
73
27
90
81
114
101
118
103
152
57
45
89
550
127
120
74
52
34
113
299
62
40
61
27
47
159
60
24
166
65
80
49
23
40
22
42
101
135
34
82
54
23
229
190
51
77
105
52
110
93
291
162
117
108
77
75
35
91
33
259
46
180
152
86
64
99
94
146
90
135
239
308
140
89
253
96
274
58
36
24
55
96
98
58
26
63
51
99
54
120
48
160
81
86
39
39
351
53
97
49
157
51
102
102
330
73
35
66
71
200
63
23
73
85
53
181
78
148
83
52
53
38
124
123
35
138
69
48
124
91
48
57
113
39
62
83
48
59
228
238
34
28
63
118
48
82
96
382
209
49
32
69
170
46
239
180
36
323
69
78
93
83
28
57
175
55
31
153
287
52
148
27
57
100
68
128
142
37
136
158
36
62
220
81
48
126
68
68
197
29
60
51
77
146
28
65
61
29
131
173
76
158
172
46
94
53
107
152
223
64
427
94
41
46
80
154
37
46
136
88
81
22
41
83
94
65
52
19
37
58
24
78
38
74
43
408
24
59
189
55
85
217
37
68
43
102
60
130
61
81
48
142
473
52
211
185
41
56
183
40
260
209
106
45
78
113
72
112
73
43
73
62
113
34
132
68
67
47
72
215
49
303
265
101
56
88
205
96
42
24
29
39
127
72
66
72
104
59
52
174
51
55
53
228
29
120
57
34
197
64
72
160
45
44
137
82
84
37
220
147
132
29
59
90
48
156
48
74
111
30
212
101
51
33
135
101
97
25
28
24
22
120
346
128
187
61
34
56
66
116
81
22
119
34
93
42
76
108
53
97
54
99
105
82
25
33
154
71
54
41
235
58
77
80
59
46
61
210
108
96
55
56
44
204
152
38
42
104
40
19
75
107
62
23
124
114
95
95
323
70
39
156
127
113
49
46
27
137
42
129
414
164
64
76
149
163
68
69
31
87
63
75
105
78
71
55
195
290
113
85
121
78
36
203
68
56
27
110
195
119
42
157
84
80
125
50
110
64
79
57
126
164
66
49
66
131
67
87
29
50
162
92
43
65
95
170
43
142
105
85
134
65
38
39
55
63
93
63
92
73
84
148
77
40
236
123
53
113
20
184
156
100
106
42
139
52
38
34
228
110
365
85
84
180
231
28
63
93
133
110
65
163
83
319
83
27
40
194
41
30
241
55
65
112
18
241
66
195
65
56
229
93
176
37
134
119
75
73
143
76
65
140
36
61
55
179
314
115
104
173
103
58
327
63
116
155
59
213
127
22
175
25
178
51
156
129
43
36
78
79
83
93
97
50
54
187
134
249
72
79
160
53
39
103
96
249
75
113
282
171
124
98
108
39
51
105
14
150
105
40
74
118
122
38
47
61
118
117
73
58
31
82
180
56
105
57
83
39
36
109
155
30
146
206
44
250
189
52
220
64
52
60
38
91
184
90
174
184
76
44
65
67
209
129
37
60
130
74
221
69
129
87
128
34
95
69
31
149
131
53
86
104
64
160
67
110
584
221
14
216
110
94
192
205
57
77
85
158
83
64
47
90
58
45
40
66
93
48
80
91
22
56
73
94
76
148
319
40
234
73
74
161
69
61
68
159
306
57
62
55
49
46
58
102
168
74
56
42
108
195
36
71
103
74
221
57
28
82
47
116
114
121
112
47
178
53
332
104
127
87
65
77
127
175
85
49
28
69
148
247
433
134
82
97
90
55
81
98
76
107
314
24
35
93
93
45
64
73
274
97
52
35
58
50
