46
76
30
145
311
156
30
77
170
205
27
210
36
252
216
43
12
129
159
233
53
190
70
224
61
329
347
462
148
146
62
92
147
104
60
142
195
175
115
153
53
50
83
263
190
185
56
184
24
355
90
46
204
65
99
118
446
100
36
497
113
196
31
147
252
88
67
149
314
282
27
245
21
124
14
246
89
56
23
46
109
101
243
90
52
262
105
203
132
49
92
71
205
245
82
39
176
95
91
78
139
192
112
231
100
115
363
128
46
142
323
27
158
132
38
179
80
101
87
88
355
84
118
104
169
31
141
75
34
102
58
50
341
59
344
454
111
87
98
5
136
27
173
501
35
151
90
203
149
22
75
61
74
287
47
126
47
136
41
131
45
41
231
39
93
240
46
106
179
148
218
52
141
74
51
44
68
129
31
212
41
73
93
21
43
363
75
46
92
108
101
222
63
66
116
112
98
137
184
21
86
30
99
87
288
33
217
10
261
531
106
104
43
122
69
179
67
34
121
23
240
80
53
433
82
194
66
33
212
51
37
108
24
20
160
22
80
68
192
100
167
46
92
33
23
36
30
65
35
142
75
108
23
44
87
90
46
76
54
47
11
51
158
56
64
27
171
205
125
185
124
177
157
36
21
52
214
25
191
96
17
106
87
172
68
105
232
245
134
29
137
27
227
59
446
91
93
440
45
272
73
60
301
113
379
26
424
17
291
154
13
75
97
104
123
46
139
110
227
12
158
557
73
208
45
32
37
381
221
162
314
9
216
24
92
37
396
63
81
35
50
102
34
401
296
584
90
116
65
155
96
39
159
180
154
39
66
54
10
60
23
123
171
280
48
57
229
67
176
449
53
101
30
206
124
34
53
169
56
107
140
40
188
527
105
154
51
105
80
279
48
406
89
249
68
37
167
226
132
154
47
172
31
146
77
41
26
325
30
212
80
52
100
105
69
170
31
53
140
162
53
77
158
113
109
129
111
95
141
162
161
414
31
97
195
48
80
108
154
44
367
168
15
48
231
401
203
242
104
21
123
191
34
37
251
41
79
264
312
70
33
129
48
77
80
133
22
326
24
159
65
22
76
147
361
645
376
87
47
623
45
18
49
61
155
16
116
131
152
360
74
138
170
105
30
4
18
276
221
52
277
63
44
57
101
118
61
291
60
202
301
560
23
300
157
267
103
76
51
188
195
69
108
119
81
69
232
46
189
120
65
65
152
146
25
60
27
66
246
63
26
39
102
13
169
59
94
111
244
96
7
77
83
58
151
159
45
34
322
22
120
187
335
55
473
64
46
194
119
56
33
169
84
147
51
63
200
222
297
24
67
48
101
360
22
237
79
151
244
257
27
93
335
138
292
135
176
120
112
296
25
41
38
99
89
168
48
207
455
74
15
70
165
145
142
92
246
147
71
119
93
160
22
13
88
510
72
340
91
116
48
99
78
196
195
207
244
109
68
71
76
107
51
62
103
108
89
68
38
106
49
71
108
104
103
57
106
100
95
240
32
177
232
44
198
117
313
43
56
79
208
262
105
151
153
94
52
70
31
24
29
82
47
93
49
206
213
130
97
88
172
166
60
42
127
366
20
127
124
21
160
81
161
199
23
88
134
226
250
121
304
272
48
74
154
88
64
136
16
186
177
96
144
167
144
226
119
236
53
34
146
76
53
243
119
18
202
187
412
48
20
94
271
275
164
112
61
324
32
63
331
136
194
140
90
66
28
144
82
106
98
380
123
246
613
24
28
47
104
77
34
83
111
47
90
49
366
20
77
95
135
68
45
210
154
20
60
264
103
93
262
41
138
225
166
61
59
281
78
54
249
27
139
221
32
77
162
499
37
185
118
184
111
317
166
116
185
63
144
317
84
82
32
180
20
60
64
102
10
8
29
228
43
147
273
525
98
80
24
79
263
67
139
152
16
215
59
90
36
48
65
163
259
15
127
65
150
60
73
49
201
37
215
92
35
72
127
317
189
66
53
142
183
46
194
189
134
33
59
222
48
226
376
242
41
109
47
276
284
150
167
71
89
178
96
254
56
203
231
88
122
34
149
250
230
121
107
223
407
72
336
58
76
128
139
183
188
55
111
217
26
299
81
113
95
89
127
215
120
110
67
23
32
162
270
18
73
66
212
119
141
14
194
56
79
252
97
92
52
129
52
59
83
29
35
145
49
82
102
146
12
70
51
15
203
261
75
130
90
84
159
51
76
85
390
147
368
34
116
59
53
89
120
90
13
123
139
103
202
85
163
169
255
244
48
193
123
74
184
172
19
82
160
250
34
269
343
31
482
355
169
33
355
134
436
184
69
26
238
33
222
99
289
20
247
109
52
182
200
97
137
86
20
56
276
37
145
117
52
59
52
47
46
234
120
111
242
26
224
164
122
84
51
44
153
185
7
99
34
162
89
143
212
59
110
47
116
108
183
5
67
77
478
55
66
163
90
43
156
156
50
254
198
83
30
84
43
48
77
44
50
78
74
28
87
74
104
164
37
178
119
76
148
201
53
143
38
89
56
78
626
46
333
302
111
114
24
302
45
68
66
55
354
86
149
309
234
130
111
285
258
147
148
19
242
111
182
58
31
52
199
148
33
41
56
185
99
70
78
112
87
33
41
193
43
256
61
79
78
45
25
270
85
137
61
113
142
16
218
242
42
125
68
55
102
184
202
407
108
63
47
119
89
41
409
79
186
174
56
126
27
78
13
127
114
25
152
64
72
84
50
217
104
187
221
25
71
42
17
291
124
67
549
180
47
99
48
45
50
121
100
160
23
357
133
199
28
160
37
158
63
35
57
43
85
89
130
166
101
28
61
20
101
52
229
38
143
77
107
317
110
113
35
73
243
56
122
65
117
21
46
143
135
235
233
23
21
93
51
217
298
84
58
157
411
12
60
164
72
63
79
180
99
104
18
22
140
26
75
8
158
365
157
670
77
40
130
287
325
194
57
29
50
102
135
180
421
64
47
71
62
250
36
134
158
114
175
184
77
56
93
205
77
86
54
73
140
172
21
182
500
52
41
128
127
181
124
175
352
148
18
83
267
109
57
35
42
68
51
54
54
76
55
188
76
68
362
66
77
305
139
28
38
87
141
113
38
58
82
195
286
15
20
84
243
34
120
65
78
171
100
564
99
466
33
134
153
149
134
347
605
58
116
59
46
238
205
70
250
253
155
67
145
133
175
43
26
174
230
16
102
84
247
162
266
58
17
101
112
188
207
412
70
53
35
258
54
49
275
151
182
139
43
166
71
286
121
129
150
305
181
132
85
59
147
92
143
29
49
397
42
68
241
154
32
261
42
234
392
43
150
428
51
14
161
28
38
217
65
85
231
59
90
46
23
93
261
550
219
75
62
126
261
451
72
154
48
333
78
195
236
29
51
97
77
85
208
19
340
110
14
40
76
24
12
65
240
44
29
198
27
80
204
38
115
390
142
89
235
70
22
52
205
58
88
59
264
156
11
37
37
330
471
38
230
210
25
52
74
69
55
124
43
34
150
47
301
34
106
52
23
60
98
253
71
177
235
97
31
46
118
219
307
111
51
484
73
246
128
57
144
61
49
196
149
87
66
151
46
15
86
95
360
218
204
233
75
167
148
417
41
168
133
29
211
133
203
12
320
62
17
227
216
165
79
105
26
222
26
63
31
43
289
112
50
54
399
47
38
57
135
48
28
155
219
183
134
197
29
55
116
187
25
25
85
113
268
194
84
68
166
23
119
90
182
165
67
316
147
171
339
80
46
74
39
219
112
171
50
20
34
155
47
139
231
122
115
63
202
198
44
52
79
389
50
24
41
31
124
153
50
54
91
246
64
32
161
106
177
26
340
97
8
153
38
60
272
537
82
206
115
155
217
33
96
41
147
154
48
17
98
42
183
137
381
113
50
134
240
94
79
355
155
63
223
168
74
71
156
24
120
13
49
270
47
67
38
48
140
88
78
150
49
11
108
68
153
38
134
282
117
72
125
30
34
375
151
30
15
78
109
216
49
118
62
64
65
20
61
61
79
96
62
322
148
73
131
44
105
79
28
99
187
352
186
107
142
356
140
177
51
137
108
26
325
472
229
22
142
240
48
52
110
161
158
27
79
95
46
42
96
143
75
18
144
52
175
140
319
47
160
23
161
83
112
33
148
79
87
134
224
96
143
85
104
92
43
158
26
192
262
260
227
100
143
51
57
451
225
118
18
153
169
270
38
269
106
15
132
322
331
44
52
118
53
196
49
108
263
198
46
80
44
94
154
48
544
63
218
167
33
100
41
152
33
184
33
234
345
52
393
95
89
193
64
236
26
33
253
223
83
44
92
38
22
32
278
367
9
120
62
90
164
81
157
104
49
82
73
182
188
76
228
52
219
56
158
104
204
26
51
97
116
138
64
117
91
382
82
23
118
168
93
135
73
10
36
42
148
225
15
288
78
83
252
87
37
87
168
33
27
76
31
98
267
281
139
43
95
52
192
22
131
91
11
367
163
46
115
59
114
21
39
219
223
144
22
89
91
102
155
62
19
340
433
57
33
196
151
125
190
57
117
200
156
92
48
169
81
90
80
262
68
50
360
248
97
205
43
372
62
240
104
266
68
85
123
202
152
111
265
99
36
13
77
32
141
503
194
420
107
72
444
160
346
13
56
64
88
31
36
185
25
43
255
383
31
23
96
108
32
15
150
122
80
148
39
99
142
273
252
592
232
23
9
160
4
47
67
19
190
436
186
101
148
42
23
106
213
86
114
119
168
86
36
77
25
28
54
214
210
229
172
171
134
228
47
320
158
57
278
62
37
389
148
210
98
79
346
71
73
148
32
44
73
197
70
11
155
160
97
238
98
31
69
497
80
118
19
69
53
394
183
84
25
251
321
96
132
167
453
272
115
99
307
117
278
90
170
94
98
88
15
108
45
171
55
163
215
67
27
62
122
90
297
107
153
65
119
52
46
147
183
96
530
58
42
114
154
203
162
431
64
74
113
15
17
128
273
236
84
78
26
72
165
409
17
57
149
100
136
109
193
24
403
68
113
224
262
123
90
123
53
202
267
121
46
211
48
231
545
220
36
219
190
128
92
47
379
12
95
22
162
264
181
191
28
13
33
54
354
44
373
49
154
63
138
128
248
18
45
87
724
127
36
295
84
123
249
248
41
133
538
89
46
76
13
106
192
169
31
87
153
119
111
62
66
44
53
460
46
77
15
103
171
48
85
194
17
293
65
216
77
19
30
38
59
201
11
35
220
167
585
292
36
56
28
51
128
218
43
53
77
156
121
81
30
29
350
52
111
44
31
81
116
200
232
62
147
22
157
283
126
349
28
71
177
287
74
50
63
63
51
24
123
26
88
221
69
365
252
93
129
63
54
109
260
137
84
48
18
105
162
24
258
258
59
75
28
239
380
163
160
107
76
271
198
68
47
62
119
68
79
207
66
60
223
172
218
56
26
30
67
14
74
121
397
246
101
225
49
158
87
77
45
64
91
52
144
52
107
59
49
13
21
159
90
102
21
160
36
41
56
241
175
424
440
124
109
142
69
213
24
81
222
46
91
135
54
125
26
164
96
456
140
194
148
357
51
64
132
8
21
94
42
25
464
313
388
43
45
158
90
50
251
92
20
120
136
99
152
104
347
60
52
333
179
98
40
30
235
270
13
61
192
110
39
166
69
209
188
88
70
19
274
71
81
36
284
22
251
140
151
487
22
95
150
276
302
39
88
263
108
309
61
82
119
331
35
85
28
22
122
157
155
71
83
37
148
322
19
110
222
38
129
28
66
45
49
160
19
637
92
158
28
171
18
274
213
222
255
418
117
37
161
141
74
140
248
22
22
65
40
195
11
11
45
275
173
411
45
70
130
308
71
103
200
55
289
142
158
89
63
217
414
51
524
23
238
10
110
128
82
119
208
60
136
87
532
111
97
106
159
145
406
129
34
128
136
37
121
49
25
139
128
91
279
35
101
32
148
214
45
41
266
271
119
329
213
63
45
108
16
18
38
21
99
23
26
32
123
141
81
337
110
82
118
289
143
116
26
69
67
71
224
185
33
49
120
27
141
50
679
118
56
323
116
148
104
211
65
49
98
158
115
257
250
89
20
103
169
65
243
186
88
51
119
72
26
65
62
157
24
86
92
469
59
465
50
126
31
60
143
83
19
60
37
445
184
69
133
126
93
66
91
78
261
62
103
239
37
247
54
169
36
69
98
142
181
35
51
43
144
186
129
49
101
50
170
76
176
17
285
122
199
99
77
140
154
82
186
105
20
23
121
136
99
330
23
457
329
86
34
326
52
150
210
38
75
28
71
39
262
229
120
91
130
120
15
224
76
316
179
314
103
79
71
94
73
35
241
117
47
42
49
574
280
20
17
121
26
178
109
203
72
42
154
177
146
40
93
163
54
119
114
278
144
153
98
71
60
45
185
27
38
70
177
135
125
154
257
79
81
371
29
278
13
90
46
39
140
91
27
170
362
73
109
18
105
14
329
182
120
128
48
33
225
236
62
32
56
72
147
181
65
148
149
212
180
67
371
42
71
155
56
112
332
35
86
89
59
52
55
295
36
22
88
121
215
84
177
152
127
82
116
41
130
154
153
69
249
244
109
116
78
113
62
32
77
61
97
285
94
138
85
68
314
115
155
60
113
41
72
263
281
178
276
81
111
55
63
101
311
86
287
99
142
29
69
31
123
58
139
332
112
37
428
115
567
47
206
94
170
109
84
52
79
32
228
18
55
187
266
132
22
14
201
226
87
190
21
447
112
430
147
175
272
102
24
26
47
130
128
265
134
79
67
39
54
138
106
163
523
93
81
79
46
110
247
100
75
151
334
53
54
519
328
28
35
117
200
114
631
187
275
49
57
101
15
221
34
350
19
63
141
219
108
288
54
64
72
35
528
58
55
15
20
386
48
149
38
101
56
369
516
153
175
240
47
50
22
42
228
40
37
7
278
282
290
280
156
101
15
69
187
24
64
24
51
63
281
118
298
613
120
125
325
76
46
23
196
75
45
143
32
67
24
165
190
167
11
46
175
12
229
146
179
76
26
39
90
25
29
113
22
23
184
134
22
79
47
123
63
310
87
142
93
77
22
80
94
19
306
181
166
71
15
9
146
62
118
162
89
63
45
91
46
156
31
130
134
323
38
56
126
93
42
102
46
479
43
68
67
63
195
184
55
433
41
145
30
143
457
36
180
251
36
68
67
91
65
163
76
42
251
47
66
7
228
37
54
61
26
16
28
65
38
158
18
81
271
111
162
88
117
216
63
120
17
188
92
36
82
75
75
146
24
279
25
83
47
48
219
218
75
20
204
142
45
68
368
42
27
126
93
31
60
328
214
140
151
48
109
11
38
77
88
69
78
75
17
242
95
70
170
186
60
66
56
382
14
219
146
316
31
28
101
341
310
123
20
25
78
39
147
46
24
276
89
210
88
78
142
186
90
113
47
153
28
111
40
157
39
17
7
239
283
135
95
175
27
247
31
127
99
251
139
38
61
21
386
74
106
125
12
141
298
242
108
103
80
149
83
22
323
341
108
254
300
109
97
89
276
54
6
56
49
115
230
19
223
124
251
77
76
33
78
34
150
65
83
52
46
81
279
185
104
51
31
202
52
210
32
65
30
184
82
18
24
29
383
124
69
41
154
92
161
83
144
30
134
105
289
154
14
291
186
69
266
366
157
337
266
51
198
47
23
74
73
115
55
86
169
71
91
83
157
242
46
264
232
111
397
81
34
34
51
130
83
104
54
257
73
599
64
150
89
104
86
140
169
145
316
137
517
20
150
86
313
109
177
71
70
34
135
61
38
18
104
16
82
106
146
143
50
121
231
20
102
201
70
65
52
31
31
114
137
48
134
59
157
73
287
121
134
40
133
314
40
137
305
204
15
22
261
43
64
137
38
18
45
53
421
43
64
91
79
28
435
54
25
26
26
302
157
234
196
48
144
107
188
179
265
170
119
249
174
142
199
10
160
79
213
39
278
184
96
97
303
194
148
75
251
32
71
51
17
143
26
61
33
116
47
34
50
214
19
187
434
37
158
17
133
42
385
291
25
297
95
18
234
143
196
92
214
31
142
32
25
468
127
12
19
276
34
40
29
62
93
81
255
348
57
56
113
181
32
13
106
120
155
353
82
107
284
54
154
399
247
382
74
118
122
91
89
56
56
26
30
32
93
109
257
68
158
254
267
186
162
139
205
72
125
45
35
53
10
12
173
29
57
65
190
41
140
229
260
169
59
141
314
210
70
40
75
257
83
229
93
314
110
157
101
269
24
131
14
72
58
174
288
45
72
92
48
24
91
86
226
54
76
495
240
67
28
204
184
133
80
129
74
168
64
292
19
81
219
45
64
78
32
142
74
26
163
129
266
29
73
98
19
102
273
455
240
99
75
281
176
201
45
32
23
106
127
46
26
96
145
57
28
96
190
21
148
37
221
153
79
160
47
26
75
41
99
147
55
172
52
173
20
58
39
289
17
96
53
37
290
37
36
65
60
37
33
285
199
20
163
81
43
348
94
296
31
19
20
355
58
92
80
151
38
45
88
76
194
125
200
227
393
103
71
103
16
22
134
164
147
87
506
178
191
61
32
138
28
76
135
143
520
66
216
99
38
156
151
126
77
290
32
150
74
250
16
142
98
102
143
72
409
9
17
111
265
205
187
127
538
68
559
73
77
25
123
35
252
110
48
56
17
180
60
119
24
228
71
317
27
324
144
93
23
41
92
173
61
176
97
368
459
17
308
40
67
31
158
110
143
75
324
72
116
320
274
9
137
41
144
112
98
259
164
97
55
34
208
49
360
118
99
108
89
62
122
333
165
19
92
48
316
309
58
78
125
8
62
18
122
148
81
93
65
484
120
75
198
18
214
34
98
143
96
86
235
106
543
49
139
367
47
35
20
156
32
427
77
57
25
106
73
65
108
52
115
230
164
471
70
197
30
154
230
306
21
77
243
75
163
88
60
86
449
21
136
24
7
95
51
228
343
44
26
189
123
53
80
72
41
89
175
257
80
92
145
35
174
250
41
47
270
72
31
65
29
83
148
32
141
184
240
222
26
42
251
121
122
198
157
119
318
153
147
154
58
252
153
151
207
86
267
353
13
397
219
67
152
118
95
47
59
38
121
24
7
191
76
96
198
388
127
162
68
100
258
285
95
227
100
8
324
193
172
257
41
238
47
63
325
107
64
44
132
100
109
202
224
39
187
160
162
63
98
9
90
105
290
115
59
78
32
40
129
118
43
59
118
17
42
164
251
92
103
175
250
98
234
84
48
84
70
33
42
216
395
46
385
53
301
197
37
104
154
135
49
121
400
318
173
238
233
54
102
72
163
137
292
154
385
103
53
380
4
43
52
44
230
139
290
99
154
138
54
188
74
136
242
59
75
237
13
103
37
118
53
147
199
144
127
170
222
103
452
115
24
191
130
63
128
72
484
8
257
58
62
171
50
191
122
59
36
112
139
71
264
56
162
108
166
61
17
83
151
141
33
58
119
44
74
62
138
72
309
45
110
73
309
357
106
147
181
233
54
424
115
120
183
47
242
545
112
292
76
249
83
66
302
43
149
287
168
122
177
167
68
181
429
96
136
224
153
36
108
95
219
139
190
244
105
58
61
37
180
205
47
31
92
46
73
67
33
177
224
31
56
101
148
140
165
120
67
159
34
197
29
207
163
147
218
433
12
37
120
101
102
398
170
32
103
60
38
22
22
53
136
224
13
58
51
146
60
101
204
67
112
242
170
22
48
182
58
48
222
63
73
26
270
13
145
169
121
57
216
149
51
125
52
58
137
98
91
49
341
287
153
65
27
213
184
25
78
30
224
149
70
148
181
423
75
221
30
297
458
205
57
37
275
146
57
56
34
154
210
209
232
30
261
67
134
83
102
180
74
333
55
150
81
104
67
106
75
85
490
367
110
27
193
210
60
29
120
20
26
253
283
41
58
67
545
88
130
230
46
165
93
58
128
194
219
17
50
192
79
39
66
240
480
73
176
133
89
107
60
57
170
19
80
54
305
35
136
99
209
43
91
156
193
322
170
11
226
59
124
58
208
101
77
257
183
167
291
158
355
6
157
31
92
146
246
47
151
162
247
145
22
197
180
44
166
111
218
77
175
46
47
252
190
54
119
237
40
487
41
121
63
39
48
109
180
32
57
289
99
149
135
268
45
39
35
31
35
168
126
345
53
141
239
27
123
170
48
106
135
221
20
26
460
200
86
136
72
169
64
50
36
519
41
288
148
221
74
133
103
54
87
47
124
181
37
21
106
419
188
192
97
146
226
123
17
333
46
273
244
39
111
141
236
213
33
566
29
223
345
49
163
36
147
82
43
59
189
22
58
179
36
110
126
49
323
279
332
127
55
49
18
26
77
167
26
73
551
109
13
26
70
122
91
177
314
160
31
24
115
68
76
161
166
386
94
26
163
173
124
75
102
146
296
76
18
182
61
104
172
29
131
225
178
159
139
118
33
137
51
121
188
469
85
44
172
117
98
75
126
150
252
120
109
393
60
114
539
25
135
52
66
358
128
71
245
173
57
78
34
121
50
156
263
6
32
41
448
50
114
263
89
46
27
72
16
41
68
86
95
310
13
46
22
190
15
136
43
157
38
440
87
317
182
148
190
72
11
14
104
192
326
170
114
249
245
88
51
427
83
55
80
148
89
293
41
13
49
45
248
50
102
60
229
116
69
183
125
181
299
271
27
94
364
101
94
384
207
269
175
80
156
107
76
28
41
88
58
225
175
45
270
168
31
35
69
71
43
467
40
290
489
117
80
203
142
84
63
442
168
159
97
278
187
76
314
62
408
82
178
332
91
58
87
164
263
59
48
78
99
34
168
113
70
10
10
103
328
43
128
242
245
108
187
264
521
299
333
81
158
73
192
137
317
34
193
200
156
273
154
415
76
70
86
505
172
49
179
193
187
160
204
287
588
151
171
110
12
21
132
208
457
80
41
362
83
267
112
228
176
50
219
99
154
156
122
235
108
45
144
176
108
126
224
152
137
55
19
70
105
70
81
156
113
282
189
256
188
39
29
84
209
128
153
128
142
104
88
41
72
150
126
51
69
18
302
122
48
62
32
53
35
160
109
166
56
129
243
138
193
66
187
58
77
112
20
33
59
37
136
81
154
58
38
23
234
202
214
132
228
177
71
258
66
35
153
142
120
46
55
33
121
71
38
173
99
62
107
68
243
24
94
32
106
403
68
24
103
127
117
77
112
245
54
59
58
76
10
46
92
229
239
63
757
76
231
67
72
160
231
20
53
49
197
137
60
210
50
44
67
188
184
34
104
181
308
162
113
188
96
184
79
600
434
30
239
49
72
56
43
295
226
91
135
63
321
35
656
411
140
48
221
70
135
129
71
95
9
26
69
82
53
26
124
80
18
34
110
171
126
35
431
80
45
153
102
417
78
178
647
35
155
20
128
37
44
55
36
56
71
26
35
221
111
139
43
170
149
95
63
186
137
210
233
125
154
22
123
139
14
144
43
83
647
22
55
56
95
125
384
175
51
229
43
87
134
369
92
174
273
108
70
22
16
148
63
23
106
18
180
75
37
488
79
43
127
91
106
24
312
23
248
152
64
212
91
727
232
205
149
211
20
27
69
164
85
85
94
79
280
73
90
202
318
119
68
180
16
41
36
80
48
23
105
45
200
112
37
48
261
90
556
145
196
199
22
71
232
42
33
118
193
51
51
66
185
407
78
16
186
206
104
59
29
9
194
111
42
280
122
147
43
232
28
9
145
209
126
304
83
137
21
57
232
79
67
134
52
173
27
74
43
89
79
176
175
64
101
151
101
16
76
34
54
52
11
218
98
30
121
109
158
84
128
262
199
384
203
74
420
404
45
209
164
153
45
65
166
128
163
41
63
286
102
59
75
91
84
26
136
65
643
201
386
70
62
155
126
112
35
48
369
48
426
79
20
21
112
28
25
161
392
197
326
16
219
78
201
78
21
149
29
129
14
132
22
45
117
47
459
51
76
171
70
15
22
35
82
75
67
191
120
175
51
105
21
244
103
151
150
178
62
77
47
310
45
188
44
80
325
116
138
75
52
67
124
157
40
90
263
30
126
107
40
59
52
25
54
102
124
270
37
69
285
64
109
32
76
447
155
327
475
144
115
131
240
76
46
126
232
21
187
143
155
284
42
61
225
38
224
58
35
34
75
42
36
65
93
112
112
163
107
179
290
83
21
91
70
35
165
546
117
25
85
79
333
185
176
179
121
95
103
112
161
182
110
66
340
15
256
136
146
148
39
40
172
86
82
104
57
180
154
199
328
189
444
123
93
59
58
168
20
69
286
93
65
234
136
87
141
134
67
140
78
91
160
224
73
251
190
581
7
39
533
74
22
75
6
46
152
224
95
86
113
310
33
29
90
64
29
85
107
32
66
330
79
200
68
38
276
145
60
47
106
145
329
76
238
121
31
234
38
296
363
47
117
53
106
123
34
279
102
9
171
18
401
23
81
41
129
164
81
112
589
12
43
142
235
44
389
92
161
272
241
120
190
309
40
168
18
84
125
159
105
486
137
84
218
43
107
78
33
34
120
229
79
134
24
134
188
188
85
132
95
65
95
553
137
159
187
125
57
262
303
261
94
175
32
63
161
73
158
61
72
43
313
168
53
66
45
58
117
87
86
102
132
196
83
58
101
16
192
139
115
91
137
61
57
348
32
104
104
260
307
392
223
48
184
265
68
31
51
94
176
70
22
117
43
279
83
27
82
113
186
86
430
201
134
141
54
44
57
307
175
143
167
289
43
95
338
40
329
173
164
132
350
54
224
83
94
253
34
93
51
6
125
163
80
100
264
240
153
6
64
140
90
28
43
133
45
118
256
254
47
177
118
42
44
266
51
69
42
298
171
399
144
180
338
245
195
62
192
53
265
159
13
312
206
195
146
57
187
116
45
68
224
383
188
123
72
160
49
68
117
52
81
263
273
53
80
85
136
72
272
204
139
77
233
506
177
133
163
163
140
257
32
118
96
189
46
101
28
35
36
80
29
92
38
44
272
45
270
206
35
231
68
26
141
59
65
321
15
258
51
34
48
178
36
34
56
123
270
226
150
22
161
41
47
59
161
59
98
47
148
448
126
334
88
262
109
55
240
92
185
108
119
23
100
452
182
50
535
43
76
184
123
297
128
65
41
66
255
90
42
337
67
31
262
68
21
159
432
170
172
22
44
42
202
80
21
65
120
229
45
54
278
141
241
156
6
288
206
26
183
48
72
37
310
189
211
497
25
191
438
146
131
85
65
92
72
45
21
151
43
104
43
79
28
28
84
119
217
137
49
40
276
204
77
44
31
70
274
24
279
188
121
148
159
80
206
113
184
78
329
45
52
95
101
53
76
162
184
186
13
71
8
167
137
39
148
37
27
222
68
33
54
48
7
15
358
45
264
79
124
50
56
57
137
101
86
50
20
184
90
187
289
92
42
60
162
269
32
169
78
151
167
49
50
56
182
70
50
54
20
59
57
49
193
206
56
87
18
29
12
21
76
83
28
331
129
166
54
33
315
178
27
45
347
67
35
110
33
521
122
414
27
149
391
159
366
350
452
56
12
252
71
230
141
335
211
154
34
47
34
324
65
64
90
10
148
303
90
7
28
232
189
123
179
97
71
221
217
408
144
70
118
22
191
41
91
166
23
84
163
110
125
270
93
159
149
35
444
224
66
213
49
95
292
259
36
39
153
301
247
109
327
413
82
152
213
170
132
244
9
113
132
229
96
44
97
44
98
401
193
106
90
164
40
277
164
411
47
56
91
55
253
47
256
28
48
65
30
112
179
105
21
170
148
42
26
118
60
29
89
10
170
136
71
110
251
18
79
110
38
256
39
300
104
118
85
89
111
48
178
146
606
103
46
60
33
66
175
62
52
204
118
72
90
55
61
101
163
45
100
41
15
67
295
101
93
634
75
103
116
207
154
142
88
32
13
30
45
52
30
85
54
53
85
86
86
202
85
212
175
138
183
56
462
123
107
139
12
65
144
333
67
108
66
442
69
75
122
63
46
100
115
175
104
68
125
162
150
123
298
30
35
172
176
210
241
37
203
156
161
191
386
35
210
73
203
19
86
47
51
75
73
31
144
94
307
145
29
301
372
94
106
208
48
54
35
88
260
72
231
71
118
44
58
31
104
250
102
62
63
307
61
210
81
77
111
114
430
52
261
123
298
50
96
96
29
117
102
9
119
50
113
111
72
476
35
32
96
24
32
26
159
180
50
76
90
438
202
58
343
65
30
175
74
141
164
72
233
26
121
304
19
72
194
203
18
145
142
315
52
38
84
139
39
29
113
87
394
25
135
31
417
47
38
197
76
94
182
141
162
283
83
42
110
173
152
435
136
20
80
34
51
50
471
143
46
82
150
19
199
59
21
34
138
133
39
26
108
71
102
293
159
143
290
129
189
116
181
52
238
66
71
188
131
310
164
249
82
192
30
175
47
104
59
177
44
83
226
43
91
112
72
30
6
79
31
356
358
24
78
124
55
72
102
80
167
491
77
29
110
15
89
166
155
55
248
150
172
14
77
100
65
44
545
67
136
65
104
311
82
79
85
74
48
57
246
54
52
31
225
328
83
54
253
164
375
110
59
168
242
30
228
132
417
84
105
236
219
120
121
199
84
61
193
22
70
11
41
109
89
32
429
56
489
145
14
81
106
88
120
128
251
583
109
124
271
165
202
75
347
333
113
94
28
63
34
44
76
393
285
75
136
93
96
59
52
86
256
68
63
117
84
94
63
360
96
49
297
138
441
112
188
151
141
41
14
114
13
55
63
223
41
58
57
83
16
69
57
250
66
29
74
68
199
142
351
36
147
36
134
134
67
167
133
259
73
173
128
19
145
68
31
29
82
142
64
343
253
87
9
455
57
84
148
93
182
70
154
14
145
118
45
275
421
233
341
245
84
27
165
75
546
27
319
368
152
15
123
134
145
25
36
181
92
98
69
288
18
30
30
225
50
85
99
375
120
93
91
30
186
117
150
57
47
193
196
248
127
110
47
165
238
211
35
32
116
119
242
76
90
45
36
123
57
29
268
438
87
32
134
74
22
72
80
75
132
213
46
140
82
48
120
376
78
128
22
39
34
180
38
122
293
154
145
74
35
67
14
106
78
87
24
97
37
51
35
20
111
165
73
101
120
235
44
45
94
194
186
412
83
337
267
62
47
57
25
91
311
142
225
119
76
127
26
76
12
32
49
197
24
113
116
161
19
245
84
255
140
46
135
62
187
244
27
47
271
93
30
51
472
23
187
152
385
30
55
57
79
53
14
38
234
22
27
134
65
84
439
50
179
237
137
649
61
74
7
249
70
122
60
10
82
60
92
274
133
116
226
386
116
154
33
37
60
187
311
126
82
244
46
456
55
242
8
211
32
222
102
22
12
57
284
94
50
72
142
181
169
113
377
14
87
123
72
244
274
217
26
70
181
28
58
108
224
98
156
52
165
53
41
127
80
272
20
50
16
38
107
46
85
16
229
89
19
192
78
36
78
95
179
42
77
285
104
31
24
123
130
71
194
151
10
389
146
63
256
413
319
55
33
146
60
261
165
56
135
350
73
101
71
195
103
130
287
393
136
77
103
15
65
69
155
87
55
81
199
60
230
135
218
226
35
49
16
160
24
172
109
108
79
88
111
176
204
51
34
268
328
132
55
146
55
208
132
92
60
56
31
150
174
80
129
81
245
120
114
159
40
163
146
140
194
224
54
271
70
175
32
86
104
96
53
102
62
332
154
167
51
49
99
151
85
305
80
112
261
198
23
26
58
88
325
75
166
158
124
208
44
73
42
44
16
46
99
10
38
30
375
45
63
67
52
141
141
48
133
79
560
261
63
241
282
46
46
34
63
105
74
44
62
46
21
15
37
252
67
552
115
67
93
349
165
210
136
104
177
31
69
17
87
52
66
64
61
37
138
50
58
117
257
39
113
109
22
31
173
258
106
85
281
408
29
78
147
18
20
388
5
198
128
9
129
154
35
150
116
131
28
53
106
35
221
169
262
81
236
184
29
63
91
178
163
99
92
216
10
74
50
136
65
565
29
200
169
155
209
175
62
73
463
516
314
31
121
120
92
119
70
67
235
84
231
9
65
473
34
261
171
488
151
80
59
219
87
37
94
195
98
140
184
204
52
119
33
342
234
155
122
168
45
259
66
338
121
40
67
384
17
50
63
94
89
80
157
238
26
100
65
144
238
70
65
312
28
78
266
56
38
63
46
76
52
233
64
23
29
37
191
136
211
145
35
42
135
432
53
139
137
31
124
139
20
35
338
16
138
307
115
261
380
26
32
193
35
136
139
29
88
116
265
36
64
24
361
269
253
50
179
124
96
167
16
19
54
32
14
419
122
119
97
42
46
68
132
34
54
55
20
63
69
52
115
39
144
60
38
166
47
92
164
48
83
53
92
5
56
260
196
327
218
222
52
12
266
118
101
225
280
147
186
96
155
163
233
178
184
194
47
221
78
85
203
42
159
54
324
88
242
32
53
125
95
171
44
89
23
59
133
68
130
79
148
19
114
300
164
92
81
128
36
184
159
377
654
49
138
132
206
45
69
185
95
67
73
120
415
113
39
104
41
111
85
83
245
54
187
26
358
94
201
238
229
86
334
83
257
54
71
116
179
51
178
93
294
123
99
22
56
130
67
293
32
138
34
111
291
85
276
21
89
171
77
325
71
273
17
25
88
84
125
147
37
66
231
120
66
72
131
105
327
183
156
291
62
34
54
229
50
347
48
636
85
187
24
89
84
414
37
64
44
48
43
65
146
285
176
100
69
140
264
109
181
218
63
83
140
132
38
43
110
140
84
303
76
339
81
47
63
132
22
211
96
398
36
67
43
196
76
503
98
38
53
45
61
113
52
47
85
272
99
275
249
97
116
158
33
73
63
77
221
199
60
226
51
64
81
261
326
101
238
42
266
217
61
59
97
67
287
50
168
77
327
269
94
187
37
96
10
165
232
175
235
65
59
25
58
36
96
66
114
250
205
137
53
35
137
338
170
214
111
70
66
79
62
131
112
339
61
153
43
117
194
44
132
92
531
135
69
36
20
77
75
40
37
184
136
41
141
19
144
64
157
128
73
81
275
206
151
93
186
15
143
30
74
181
287
177
308
39
25
85
117
72
140
35
59
101
95
71
160
371
127
64
243
73
470
174
42
113
71
126
50
75
64
56
31
79
56
82
176
46
285
35
80
166
52
27
77
93
286
277
172
20
36
146
39
266
59
189
54
157
11
38
23
43
224
5
99
49
148
196
115
23
505
124
123
150
75
118
247
155
47
122
41
245
28
56
89
41
200
40
77
105
203
49
63
240
54
5
205
26
146
123
423
294
28
42
408
172
37
27
159
43
208
54
31
178
100
92
62
94
151
308
185
160
43
558
17
475
413
171
15
23
176
148
253
431
52
20
79
196
83
154
84
24
520
180
221
52
18
186
137
118
55
115
175
612
182
108
189
50
98
306
25
90
107
46
71
40
278
76
182
86
438
166
7
65
38
73
79
154
42
89
132
184
28
67
80
61
77
221
127
48
54
98
178
63
272
433
75
218
70
48
72
163
103
18
47
196
286
57
47
32
19
99
81
26
270
24
306
29
268
55
233
42
18
160
54
65
322
76
225
417
324
171
272
46
36
137
173
76
80
92
107
129
51
29
78
110
67
96
326
155
92
163
30
73
189
136
137
25
771
39
92
301
81
119
43
108
25
28
28
263
53
35
98
230
83
92
77
36
32
56
27
96
402
201
225
211
311
20
43
45
189
132
152
103
156
69
101
36
369
41
18
73
168
279
350
150
36
26
91
594
74
44
225
125
95
55
144
105
267
56
75
135
67
42
653
203
52
95
139
92
16
258
21
373
27
134
142
157
108
71
571
102
45
84
36
86
161
140
188
108
307
94
504
105
33
271
141
128
193
184
21
308
7
271
115
148
101
79
48
27
57
489
66
23
100
69
10
59
199
327
181
176
163
178
101
104
62
61
67
146
140
63
24
99
441
52
60
78
333
128
84
275
180
73
81
149
84
136
23
136
24
40
62
99
95
140
50
52
92
70
66
85
137
74
118
66
64
189
97
28
196
91
24
302
115
19
152
205
72
188
77
47
74
518
114
52
118
43
156
121
93
89
340
239
339
58
148
40
412
98
26
295
196
87
148
312
49
67
137
28
191
232
118
53
54
158
83
88
91
162
43
50
96
77
149
154
83
60
339
386
104
41
57
47
442
70
133
194
140
503
35
79
208
95
104
178
36
36
178
81
90
177
377
177
48
218
287
328
108
104
383
154
164
15
214
29
152
151
136
72
140
219
96
56
35
233
117
51
159
20
153
75
243
352
6
545
150
29
61
19
231
132
102
121
32
67
492
48
331
398
387
46
67
252
46
72
124
17
175
156
59
146
60
90
60
5
176
24
199
133
89
116
341
264
149
143
163
139
102
32
143
58
352
60
43
24
142
88
119
81
215
237
256
242
187
16
43
44
226
285
64
139
94
22
325
336
215
114
360
159
123
122
24
81
32
398
61
49
20
252
35
64
167
16
48
484
93
37
94
337
79
305
127
62
123
66
35
302
217
147
376
88
274
776
86
108
119
359
403
25
99
164
98
133
127
82
195
61
144
799
30
51
244
47
47
145
92
29
208
70
53
29
126
78
137
91
57
322
158
105
208
575
223
445
343
140
39
37
35
30
227
298
157
68
49
158
109
224
48
456
236
206
313
142
56
171
69
107
32
28
26
58
96
310
190
183
115
84
183
212
124
26
48
68
70
170
66
102
32
259
210
121
71
67
56
90
129
33
16
304
44
48
35
100
88
319
46
70
47
44
27
26
9
250
199
47
249
22
103
228
235
279
194
55
28
317
107
61
66
110
87
89
396
39
150
20
171
65
58
204
136
418
77
210
157
75
26
276
170
111
205
203
148
46
103
89
34
212
104
163
47
117
90
207
57
282
30
79
102
184
44
80
143
115
142
29
290
98
25
252
92
43
242
30
30
79
30
60
59
102
24
44
205
181
34
131
136
26
58
43
32
26
53
58
248
363
106
65
231
282
170
44
184
129
233
128
305
75
202
116
70
95
85
153
310
140
110
255
28
122
47
79
124
116
100
246
284
71
31
51
70
423
140
17
165
140
47
98
428
214
49
43
43
101
222
196
65
26
234
94
228
114
167
36
207
54
223
236
99
116
61
30
167
55
73
34
116
154
188
47
49
237
50
55
43
96
59
33
134
236
307
64
47
29
146
164
170
101
82
19
326
206
56
91
384
95
19
58
106
89
502
18
55
14
35
498
93
26
321
8
28
121
155
172
158
161
17
59
235
569
65
23
56
56
119
170
41
236
77
20
252
54
91
131
58
310
151
364
97
250
35
98
138
51
21
68
478
150
65
403
81
144
161
38
187
65
234
54
71
24
100
112
288
25
383
109
171
170
482
105
134
166
129
29
171
20
65
65
156
101
146
23
83
152
60
76
500
286
472
253
55
14
238
269
113
81
119
47
44
118
20
65
71
141
116
143
86
239
29
219
61
61
23
89
48
226
39
64
42
28
55
66
204
40
433
113
352
14
45
250
67
62
51
226
23
176
33
20
33
42
47
126
94
121
58
74
150
292
94
70
535
213
374
98
53
66
171
113
37
149
109
74
38
313
117
141
78
62
17
130
171
30
13
146
35
67
67
413
103
63
223
151
94
98
47
118
436
21
230
209
171
31
187
121
50
184
42
116
145
66
375
67
307
30
110
287
110
113
175
47
71
24
48
49
165
11
161
122
48
157
163
198
349
377
98
311
384
76
67
138
236
301
65
71
72
697
53
149
72
92
219
70
154
46
36
41
143
52
102
122
31
221
364
7
59
119
36
123
65
167
146
202
30
119
280
208
434
86
109
519
259
17
55
59
300
84
91
85
54
150
84
107
33
195
56
28
77
31
49
100
47
196
106
138
66
117
158
96
312
15
74
154
246
71
180
99
94
229
20
22
35
81
41
177
44
51
148
218
92
292
33
174
184
69
276
90
132
162
91
117
330
25
57
58
25
94
125
71
266
97
84
323
113
56
66
101
256
14
21
276
209
328
20
163
73
150
42
50
34
269
52
106
114
151
66
39
71
148
40
29
125
282
313
71
208
55
110
381
136
103
190
11
146
276
432
85
88
179
17
354
138
98
84
205
13
7
87
35
215
56
93
85
168
61
16
191
80
322
76
92
118
75
200
89
55
68
60
64
156
38
158
21
311
103
67
362
544
84
105
439
98
50
77
46
324
78
97
191
103
105
72
288
80
73
99
268
174
137
153
300
20
25
266
91
241
24
118
108
250
233
44
146
315
92
144
57
185
81
126
7
125
214
187
53
318
221
131
176
387
35
60
124
88
56
47
60
24
58
155
189
97
84
232
162
205
206
185
61
80
21
70
762
155
179
75
107
91
15
363
313
63
87
178
326
30
374
206
141
46
144
98
91
83
317
95
229
182
179
140
144
120
75
147
81
160
139
70
243
98
188
229
174
8
125
96
71
157
98
29
5
36
521
18
153
204
64
118
158
102
408
66
17
63
142
190
142
11
114
56
135
21
200
54
217
18
137
144
113
93
102
128
60
24
78
28
24
139
32
83
71
258
230
41
255
88
239
294
499
96
11
383
63
160
114
55
321
223
44
64
280
57
100
224
109
20
21
355
129
197
22
76
166
34
95
159
100
44
534
149
109
95
99
59
180
111
64
50
41
146
284
62
171
284
166
96
56
85
60
25
33
82
409
58
188
75
150
315
30
100
65
179
73
46
152
195
224
243
56
149
286
84
187
289
104
64
134
374
39
125
64
113
97
22
312
156
9
258
59
125
274
209
34
65
97
72
14
72
163
241
98
43
18
67
69
156
36
258
89
68
76
7
97
13
150
27
10
118
34
97
171
47
34
101
113
88
39
133
161
20
67
70
99
332
83
135
111
15
58
74
125
108
183
167
217
47
67
34
82
150
258
719
73
146
41
144
291
140
8
135
7
127
22
253
46
13
124
41
101
102
198
89
114
91
173
166
82
5
57
73
23
57
66
51
580
475
61
437
74
92
88
111
192
36
67
33
41
30
336
216
71
89
129
58
45
72
210
147
355
128
28
143
153
105
89
145
221
197
58
35
160
135
32
70
436
177
408
109
67
32
48
70
217
127
95
72
29
273
61
90
48
76
95
91
107
41
115
295
31
37
208
69
127
139
69
50
96
164
49
188
212
156
184
87
152
38
63
235
9
79
140
63
52
72
14
77
148
39
164
59
23
47
104
142
143
228
240
77
211
132
17
77
98
48
64
211
34
284
74
241
324
43
85
67
18
27
41
273
19
68
65
41
56
241
155
61
47
99
236
323
171
111
187
256
86
249
96
242
31
155
124
138
59
273
90
166
64
61
319
28
86
566
38
67
77
96
189
400
293
74
291
88
25
195
155
270
153
148
32
170
174
113
120
113
206
341
135
79
45
399
484
380
105
22
342
87
298
90
99
35
84
319
15
121
122
75
334
214
56
93
70
117
350
136
22
183
56
283
67
109
210
55
158
163
159
82
120
58
202
38
43
83
147
67
182
41
12
145
115
33
16
170
207
31
118
59
33
11
215
56
71
41
45
103
98
67
86
65
69
105
64
50
111
162
296
79
214
56
191
97
296
19
61
19
92
58
309
60
119
238
103
81
420
160
81
18
109
77
104
370
229
108
325
38
44
145
36
163
16
22
345
348
42
60
64
176
98
139
240
147
118
160
37
109
155
16
61
68
29
173
40
60
115
66
197
58
46
157
62
63
42
138
12
39
10
226
62
436
162
158
56
90
13
188
13
97
150
23
50
99
29
58
120
142
64
11
90
215
145
440
110
39
52
176
120
112
31
61
324
139
54
353
316
117
27
471
166
264
119
108
69
54
76
203
173
94
147
224
111
24
74
36
318
221
63
25
15
74
37
42
263
193
277
71
51
122
79
29
163
35
175
76
52
60
160
277
17
154
110
106
197
43
252
27
159
351
118
436
61
33
65
72
101
128
145
216
300
15
216
517
105
181
300
338
177
48
83
129
704
24
297
53
39
264
220
109
518
208
228
160
123
136
32
140
52
49
34
90
202
57
215
60
91
72
169
201
98
88
61
319
124
238
68
117
54
29
122
54
192
43
207
24
234
49
121
26
190
179
95
346
17
80
27
76
63
72
124
59
253
78
122
67
332
83
70
22
72
126
377
142
50
43
136
123
227
35
290
262
369
380
44
82
265
249
34
56
13
88
34
119
63
75
132
96
43
86
46
154
87
102
109
27
67
30
146
9
129
68
91
210
45
31
253
239
34
14
98
226
53
78
121
81
123
234
61
145
34
87
210
208
189
350
122
62
21
35
285
184
99
236
65
67
106
67
95
65
27
36
79
78
32
66
48
154
255
76
38
201
114
29
106
140
70
125
309
76
124
184
208
274
63
57
129
94
249
159
265
114
140
39
31
135
110
67
121
57
181
154
106
313
234
287
110
27
100
290
30
49
103
121
76
57
161
126
25
64
226
41
330
215
95
113
149
195
376
94
44
92
80
265
171
28
344
35
221
79
17
202
96
161
23
