2
31
3
2
3
2
3
31
4
31
2
8
2
73
14742
3
2
8
3
3
3
3
1602
2
2
3
2
2
31
2
168
3
74
31
73
2
2
15058
351
2
10765
8
2
3932
3
31
1679
347
11350
2
4862
3
7
3
3
12
1083
31
2
2
2
2
4
3
2531
2
73
2
3
73
3
2
31
2
31
2
2
2
3
3
31
3
2
2
2
2
3
9
771
3
76
2
4432
3
3
771
3
2
3
2
2
2
3
31
3
23
3
2
2
3
2
2
2
2
3
2
2
31
2
31
2
31
3
3
31
3
2
3
2
2
3
2
2
32
31
3
4862
187
3
1776
31
7
2
2
2
31
2
1602
3
2
2
3
3
7339
74
2
2
3655
32
2
46
2
3
3
3
2
2
3
8
2
2
2
2
3
31
3
11
2
31
1679
2
3
31
73
2
2
2
2
3
76
2
2
3
3
2
3
5290
8
3
2
3
259
2
2
2
2
2
3
3
3
3
3
78
3
3
32
2
3
2
2
73
31
3
2971
3
19744
11
3
2177
3
2
2
2
31
31
2
2
3
11
3
4863
31
31
3
2
2
3
3
8
2
3
3
367
3
73
2
771
2
2
3
2
3
11351
3
615
2
3
2
2
2394
3
262
73
74
31
2
3
3
3
2
4796
3
1745
2
2
73
16
2
31
3
3
2
2
2
4862
4894
32
7
3
2
8
2
2
4
36
2
2
4
3
2
59
31
2
3
31
3
2
3
2
31
2
2
31
8
2
3
31
3
3
2
2
2
3
3
2
2
2
3
3
11
2382
2
2
2
1602
7
3
31
3792
3655
32
2
3
3
3
2
2
3
3
74
2
3
2
31
3
2
242
2
3
116
2
2
31
3
74
4
1923
3
2393
3
3
7
2
2
2
2
2
31
2
2
3
2
116
3
2
2
10294
31
2
31
3
3
2
3
3
2
31
1685
11351
3
2
3
2
8
3
4862
2
3
73
2
3
2
7
2393
3
2
73
1349
3
2
5749
3
3
2
4498
32
3
8
31
3
2
2
1602
4976
73
4110
4862
2
3
3
31
11
3
3
2
6
2
2
3
73
2
31
3
3
2091
2
31
3
2
4862
2
3
2
2
2
7652
31
3
3
3
2
2
2
2
3
31
3
11
2
2
4862
3
2
4862
3
2
3
246
2
2446
3
2
2
3
3
31
2
2
31
800
2
3
3
2
4945
2
3
2
3
2
3
2
3
3
3
7
2
31
2
3
3
2
31
12
3
2
9
3
3
2
2
3
3
3
2
3
4862
3
3
31
2
2
2
2
73
3
3
2
454
3
31
31
2
11
2
2
8
31
2
2
3
2
2
3
31
3
3339
5638
3
2
3
2
2
2
3
3
2
74
3
3
1602
3
2
3
3
31
31
2
33
31
2
9
31
2
2
2
2
73
2
2
2
3
42
2
3
2
124
2
3
634
73
31
2
2
7
4
3
32
42
1734
4
2
2
2
2
8
2
2
31
3
59
3
8
2
73
17
31
6214
3
259
689
3
2
3
32
12
2
3
42
3
3
3
4361
3
31
2
31
2
2
31
2
2867
3743
2
207
31
1602
12
2
3
2
3
2
3
3
3
2
42
2
3
31
2
2
2
2177
3
2
4
2
2
73
2
3
31
31
2444
2
3
8
73
3
2
3
3
7
2
2
2
2
2
120
3
3
3
3
3
4862
99
31
3
2
2
31
31
2
2
2
2
8
2
7652
1158
3
31
2
4
73
42
3785
3
3
3
31
2
2
3
7114
3
2
31
3
3
32
3
31
2
11429
3
74
2
2289
3
2
2
3
305
3
2
2
3
117
2
31
3
3
2
3
2
27
2
2
3
18801
4617
4861
2
31
1602
1680
3
3
2
3
2
74
173
31
3
2
3
31
3
3
31
2
2
2
3
8
31
3
3
31
2
5542
2
3
771
31
3
2
3
3
3
3
2
2
2
2
73
2
1980
31
3
31
8
2
2
74
12
2
770
3
3
2
454
2
3
2
2
73
2
2
2
3
2
3
628
3365
3
3
2
3
3
31
2
12
2
3
31
73
2
3
2
3
3
5
31
31
4127
3
3
2
2
846
3
4862
3
3
2
2
2
3
31
3
2
31
3
31
3
3
2
2
2
2
9
3
3
3
2
2
2
3
2
3
3655
2
31
32
2
2
2
2
3
2
11351
2
2
46
3
2
73
2
2
3
3
3
3
2
2
3215
2
2
3
3
2
3
3016
31
3
8
2273
125
3
31
3
3
31
2
2
73
2
74
2
2
73
2
8
3
3
2
3
2
3
2
3
31
3
3
1923
8
2
3
2
4862
177
3
3
32
3
2
31
3
2
2
31
2
533
3
3
3
117
4927
2
2
2
2
2
73
2
3
2
3608
2
3
3
12
31
2
7
3275
2
2
3
1602
3
7
3
31
2
3
2
2
3
74
3
3
31
3
2
3
3
3
16146
2
3
2
11
2
2
3
3
2
164
2
2
2
3
31
2
2
31
32
31
31
3
3
3
3
31
3
3
73
11465
74
2
3
2
12
4862
73
1701
2
12069
771
11
3
3
2
2
3
31
12
2
2
2
3
31
3
2535
2
1602
2
11
4
31
2
2
2
2
73
3
2
2
124
31
31
2
73
31
2
3
204
2
2
2
2
3
3
2
2
2
3
3
2
2
3
31
2
2800
99
2
2
11350
2
3
3
1454
2
2
3
2
2
31
4
3
2
2
2
3
31
2
12
1553
3
2
2
11350
12090
4862
4
99
74
2
3
2
3
2
73
12
3
3
31
2
3
2
31
31
2
2116
2
3
3
4863
3
31
3
3
3
2
3
31
2393
2394
2
31
3
7486
2
2
73
3
31
3
31
2739
3
3
73
4862
2
2
3
2177
2
5486
3
2
2
73
3
74
3
3
7
3
2
6838
31
2
31
2
31
2
8
2
31
2
3
2
31
2
4
2
2
2
2
3
2
3
2
3
1602
31
2
3
2
2
3
2
2
2
1782
2
3
31
3
2
31
2
2
3
3
3
31
2
3
2
2
31
2
2
4862
31
3
73
2
2
73
8
2
2
3
2
3
195
2
2
2
3
2
2
3
4
32
3
2
2
3
3
2
856
3
2393
3
3
32
2
3
2177
771
2
2
99
2
3
6249
31
3
2
31
3
2
2
2
2
2
2
2
3
2
2
3
2
2
3
2
4862
2
2
2
2
3
2715
3
3
211
116
3
2
2
31
2
2
2
11349
3
31
4
31
3
2
31
4
2
2
2
2
73
454
2
3
2
3
9
2
3
3
3
3
4862
15248
3
2
3
4105
4845
2
11351
31
3
73
2
46
2
2
2
2
3
3
2
16
74
3
3
2
2
3
8
2
3
3
2
3
2
2
3
2
2
5983
2
2
2
2
2
2
31
2
74
3
2
14161
2
2
2089
8
4
2
2
3
2
30
42
3
3
2
853
2
2
2
31
3
2
31
2
3
2
4862
11
3
1368
2
7660
4862
2
2394
2
2
2
2
2
2
2
2
3
2
2
2
3
3
42
2393
31
2
11351
2
2
2
3
3
2
3
31
2
2
6079
31
31
2
3
2
74
31
3
2
3
3
2
2
3
3
3
2393
2
11
31
31
3
3
3
10612
2
3
3
3
31
2
2
3
3
2
31
2
3951
31
32
29
3
2
2
29
2
8
3
3
2
8
2393
4973
2
31
2
31
3
31
2
3
31
32
3
2
2800
31
2
2
2
2
2
2
31
2
3
2
31
3
2
2
2
73
3
2
2
2
3
2261
2
2
3
1646
3
4
3997
3
120
2
31
11350
771
2
3
31
3
2644
2
3
31
2
73
3
2
2
3
31
31
3
3
2393
11351
2
2
3
31
3
2
3
4
1602
2
3
3
2
78
3
2
2
2
2
2
11
2539
3
2
2
3
2
2
2
1923
31
2
3
31
2
4862
2
2
2
11350
11351
3
2
3
73
2
3
121
2
3
3
3
2
3
2393
1005
2
73
31
3
33
2
3
73
3
24332
3
2
2
2
31
3
2
2
2
11351
2
8
31
2
2
2
2
2
3
2
3
2
3
3
8
3
2895
3
367
3
6739
2
3
4
2
3
2
3
2
2
2229
2
31
3
2
2
2
2
3
31
2
3
2
2
12
73
1798
2
2
2
73
2
3
2
3
2
2
74
2
2
18
3
3
2
3
3
2867
3
3
3
18
2
800
2
3484
2550
3
2
177
2
3
3
73
3
2
3
2466
3
3
73
2
74
31
2
2
2
2
2716
2
32
11
2
2
2581
3
3
963
2
2
9242
2
2
2
3
3
2
3
394
7799
2
3
2
3
2
2
3
3
3
31
31
2
31
3
2
2
31
3
3
12
2
32
2
73
3
2
31
3
3
2
3
2
40
2
2800
2
2
31
3
2
3
2
31
2
2
3
2
3
2
3
2
3
7
3
3
3
74
8
73
2
1602
31
115
3
2
8
3
3
73
3
31
9437
2
11350
3
2
2
8
1039
883
3
2
3
2
2
2
2
853
3
2
74
2
3
2
2
1638
2
2
3
31
11350
7025
74
2
3
2
3
31
74
31
31
2
3
31
3293
2
73
3
31
3
4
3
2
2
2
2
3
31
13656
3
3
15061
2
11
3
3
2
3
3
2
3
2
3655
2
2
2
3
4
2
3
2
2
2
3
2
3
31
2
73
1846
4862
2
3
4862
74
8
31
3
2
2
3
2
2
3
73
4862
6
2
3
2
2
2
2
3
3
3
2
2
2
3
3
3
31
2
3
2
31
9002
3
3
31
2
3
31
10449
2
3
3
2
3
2
31
2
852
2
2
1680
2
99
1977
2
3
2393
9
3
2
3
29
31
3
2
771
3
3
2
3
2
6793
2
2
73
5229
3994
232
2
3
2
3
73
3
3
3
31
8
2
3
2
2
2
3
2
3
9046
31
3
2
4718
2
3
3
3
3
2184
4
3
3
3
3
2177
2
975
32
2
31
3
31
2
1680
31
966
3
2
800
73
4
3
2
2
2
3
3
754
2
31
4
73
2
2
3
32
3
31
2
2
73
2
2
31
11351
3
2
73
32
2466
2392
2
2
2
3
2546
2
2
2
2
2
31
2
2
31
3
31
2
2
442
2306
3
31
3
2
3
31
2
2
2
3
2
2
2
2
31
31
2
31
2
31
2
3
2
11
4
1924
2
3
7652
3
2
3
74
2
73
3
3784
8
2
31
3
3
4
2
2
2
124
2
73
2
1602
2
3
3
31
2
3
3
8
3
2
3
31
31
31
2
2
2
2
2
3655
2
3
3
2
2
177
2
31
777
2
454
3
2
73
88
31
3
2
3
2
2
2
2
3
2
2
2
3
2
73
3
2178
2
2
3
3
2
31
2
3
3
3
2
7
2
2
2
31
2
2
2
3
771
3
2
2
11351
7
2
2
2
73
2
3365
8
2
3
3
3
2
3
771
31
3
3
31
2
2
3
2
2841
3743
31
4872
8
31
3
73
8
12
31
3
2
3
3
2
2
2
9
3
454
2
2
2
2
2
31
3
3
2
3
2
2
2
31
3
3
3
2
8
3
3
3
3
2
2
3
31
3
32
11350
3
2
31
73
2
31
2
3
2
4
2
2
2
3
2
3
2
3
2
3
2
3
2
2
31
2
2
31
3
3
2
2
31
3
31
3
3365
2
31
3
2
2
3
2
2
2
3
2
2
2
10
11
2
73
2
11596
31
73
3
2894
74
2
3
3
2
2
3
2
3
2
3
2
4
3
2
3
3
7
2
8
3
8
2
3
2
2
6686
12
3
11351
2
74
31
2
2393
3
2
2
31
2
3
3
3
31
3
74
3
7
2
2
3
2
73
3
2
3
3
3
2
2
2
8
3
2
3
2
3
3
2
31
2
3
2
4862
2
52
2
9
2
8
3
3
16
2
2
73
2
3
2
3
2
3
1679
2
2
3
2
2
2
3
45
2
3
3
2
2
2
2
2
2
4059
2
31
3
3
2
2
2
3
2
31
3
2
3
3
2
3
2
3
73
2
4862
8
3
3
2
3
2
3955
2393
636
771
4862
3
2
31
1454
3
31
1213
2
73
3
3
2
2
2
73
31
6615
31
4
2
31
2
2
2
2
31
2
3
5992
3031
2
2
2222
31
2
3
3
27
2
2
3
2
3
3
3
18
2
2
15
3
3
3
11
3
2
31
2
2
2
2
3
3
2
3
31
2
7
3
2
3
2
3
31
2
4
3
3
3
3
31
2
2
6658
3
31
3
2
3
32
31
2
3
31
3
2
3
2
31
3
3
2
2
3
3
116
4862
3
3
5011
3
31
31
74
2
4862
3
1012
11351
3
6613
3
2393
3
73
3
7
2
3
2
3
2
3
2
12
2
3
2177
43
2
3
3
3
3
3
4861
2
2
3
2
2
3
73
3
2
2
2
3
2
4862
3
3
2
3
31
2
2
2
2
31
2
2
2
2
3
2
9547
2
2
2
2
2
3
4
3
31
2
2
2
2
2
2
2
9718
11
3
31
2
2
3
2
3
2
124
2
2
2
46
3
2
3
4117
2
8
4862
2
2
2
7
2
2
2
2
32
3
3
2
73
3
3
31
2
2
2
3
2
31
2
2
11349
2
10294
3
2
3
3
3
2
8
3
3
2
1602
31
3
5086
2
8
2
2
3
12
2
31
2
3
2
9035
74
73
3
2
2
3
3
3
2
734
2
3
3
2
3
2
3
31
2
2
2
3
3
2
3
31
3
73
3
31
2
32
73
2177
3
3
3
2
3
3
2
2
3
2
2
2
2
2
2
32
31
2
2
2
2
3
31
2
2
31
3
2
3
2
802
3
3
31
17
3
123
3
2
3
460
74
9
2
3
3
2
2
31
2
3
2
2
7
74
2393
73
11607
2
2
2535
310
73
3
31
2
19
32
11
3
2
2
2
2
206
2
2
3
31
6748
31
3657
3
3
2
9
73
3432
2
31
46
2380
2330
3
2
2
31
7
31
9
2
3
2
2
2
2
3
802
3
3
3
3
31
2
2
31
2
4862
3
31
2
3
2
3
3
3
2
2
2
3
3
3
2
3
4
3
2
2
3
31
2
3
2
12
2185
2393
31
2
2
31
3
73
2
4
3
31
264
31
31
2
2
11351
3
2
3
73
3
3
3
2
2
2
2
31
2
3
73
2
2
2
10885
4863
1926
3
31
3
4127
3
3
2
2
8
2
2
2
3
2
2
2
73
2
3
2
2
10612
2
3
31
2
3
3
2
2
4927
3
2
2
3
73
2
3
31
538
11351
2
2
2
2
2
3
2
7
2
31
171
2
31
2
2644
6104
3
3
2
31
3
3
2
4540
31
3
2
3
2
2
8
2
74
2
2
8
2
42
31
5396
32
3
4862
3
2
73
3
3655
2
2
3
2
3634
2
6998
4862
73
31
2
3
2
2
2
3
2
2
73
12350
3
9
2
6873
78
2
3
8
3
4862
31
2
8
126
31
3608
2
8
2
2
2
2
3
8
1635
3
2
31
3
3
2
2
2
3
3
2693
11351
3
2
73
3
3
73
11
8
3
3
31
73
74
2
3
2
3
2
3
2
42
9
2
1602
2
2
3
393
3
3
281
2
1595
31
31
2615
3
2
32
3
2
2
3
1602
31
3
3
11351
2
2
3
3
98
2
2
8
378
2
2
13
6104
3
2
3
31
3
31
124
3
3
73
2
2
2
321
31
2
11351
3
2
2
8
2
3
3
2
31
3
2393
2
3
3
73
2
11351
3
2
42
31
31
2
2
2
3
3
3
3
2
2
2
31
3
787
31
3
2
2
3
3
3
2
2
31
32
2
31
2
74
2
3
31
31
2
2
1441
2
31
31
2
3
2
4796
3
32
2
73
2
2
2
2
2
8200
4862
2
2985
3
31
251
3
2
2
2
7
2
2
2
3
2
3
2835
2
2
31
2
31
31
2
31
3
3
2
2
73
2
2
3672
2
3
2776
3
2
3
3
3
2
2
3
2
2
2
3
31
2
7201
3
2
2
2
2
11350
2
2
31
73
2
3
3655
3
31
3
3
2
2
31
4
2
32
3
31
2
3
3
31
1602
3
2
3
2
3
2
74
3
3
12
2
2
2
3
1811
2
31
2
2
3
3
3
29
8303
2
2
11587
2
2
2
3
2
2
3
3
2
2
5
73
2
3
2
3
2
2
7
2
1688
4
2177
2
73
3
2
3275
2
2
74
2
2
3
2
31
4
2
12339
2
4902
2
2
4
2
73
3
2
4
4863
3
241
3
3
2
2394
2
3
2
3
2
3
31
3
3
3
2
11351
2
2
2
2
31
9
3
4424
3
7
74
3
2
31
124
2
3
2
2
31
2
2
2230
3
3
3
3
2178
74
2393
2
2393
31
2
2
3
3
3
2
2
2
3
31
2
31
7
2
2
3
3
3
3
31
3
11
2
2178
2
2
7
3
31
31
202
11
2
2
3
14161
31
6053
11351
2
3
3
2
3
2
3
2
6539
32
4
2
1966
2
31
2
2
2830
31
3
2
3
2177
2
7887
3
3
9
3
2
3
3
73
2
2
46
3
2
31
2
11982
31
73
1713
31
2
3
2
2
2
31
2393
2
11
2
2
73
3
2
3
2
3
2212
31
2
3
31
3
3
3
3
173
182
2
2
3
2
73
31
2
2
3
31
3307
2
3
3
3
31
2
771
249
7
2
8
2
2
3
32
2
3
3
3
2
4862
3
74
4862
2
3
2
11350
2
2
2
2
2
31
2
3
2136
2
3
2
2
31
2
3
3
73
2
3
2
3
8
2
3
2
2
2
8
2
2
2
3
4862
2
2
31
2
2
2
31
2
3
8
3
2
2
3
3
12
2
2
5563
12
2
3
3
3
2997
1602
2
2
2
2
2
3
2
73
2
73
4
31
3
31
2
2
3
3
2
2
31
31
2
3
3
2
3
3
2
31
2
3
31
4861
2
3
3
2
2
12069
8
3
3
31
2
2
31
31
4
7
31
9
124
2
3
2465
3
3
31
3
3
2
33
2
2
2
2
8
31
31
73
31
73
4
31
8
3
3
3
2
2
31
73
2
3
2
3
2
2
2
3
10456
2
5521
31
2
9
2
3
31
3
2
31
4860
2
2
2
31
3
2
3
852
5771
3
978
2
74
2
3
3
2
3
73
31
2
3
2
31
3
2
74
3
2
3
3
3
3
2
3
2
3
3
2
3
3
31
2
3
2
2
2
3
2
2
3
3
2
3
2
4919
3
3
3
2
57
4997
2
3
2
2
2
2
3
3
74
3
73
73
73
3
2
2
2
2
3
3
2
31
3655
3
2
4862
2
1063
2
3
3
3
2
3
2
31
4
2
2
2
1317
2
3
1695
2
2
2
31
2
3
2
787
31
3
73
3
2
2
3
935
4862
2
3
3
2393
23
2
2
31
3
2
2
3608
4
2
3
3
8
3
2
2
73
3
2
2
2
2
11351
74
2
3
3
32
8
4
13238
2
2
31
3
3
2
3
12
31
2
1230
2
3
8
2
31
3
3
3307
2
3
2393
4862
3
7
4
6860
2
2
31
2
31
1315
2
2
3
31
3
3
5578
2
31
3
73
2
2
31
2
2
2
31
2
12
2
2
2
2335
9
3
7
2
11
2
2
2
30
2
2
2
3
4
2
2
3
74
74
3
31
4114
2
3
2
3
3
3
3
2177
3
4
191
3915
1473
29
31
3
31
2
3
2
31
3
3655
3
3
2
12
8
31
2
11351
2
8
2
2
2
73
2
3
3
31
2422
2249
2
31
2
2
3
2
31
2
2
32
3
73
3285
2
3
2
3
31
3
3
2
3065
2
2
2
4896
3
3
3
2
2
2
2
3
2
31
2
31
3
3
2393
31
3
2
8
4902
11
31
3
2
2
936
3
2
1680
2
31
117
2
3
46
2
32
7
2
3
3
77
2
771
2
2
3
3
2
3
12589
3
2
3
31
2
31
30
394
124
31
3
2
31
31
2
2
2
2
2
3
211
31
3
2
2
3
2
9
31
4
3
31
3
2
5762
2
3
2249
2
7
2789
31
3
7
3
2
2
2
3
9
2
3
2
2
2
2393
2
2
2
2
174
2
3
1602
3
1695
2
2
2
2
11351
2
13984
73
3
2
2
31
3
538
964
1260
2
3
3
2
31
2
42
2
3
7977
3
3
3
31
2
2
10171
3
2
12
2
73
3
2
3
2
11
3
3
32
4
3
2
3
2
2
73
7527
2
2
31
3
3
3
3
7
2
3
2
14
2
2
2
2
3
32
3
155
3
3
3
2
3
31
2
2
3
3
32
3
3
3
4862
2
73
31
2
2
2
8
2393
31
3
3
2
73
3
3
2
3
2
2
2
3
2
31
2
2
3
3
3
31
31
3
73
31
3
2
3
3
2
2
8
2
42
3
31
3
7620
3
3
2
3
3
3
2
73
3
74
46
3
8
2
2
4
31
3
2
31
2
9364
4
3
2
5209
31
2
2
3
3
3
3
3
3
2
3
3
31
3
3
2
2
31
2
2
2
2
8
3
2
2
31
2109
3
3
31
3
2
3
3
2
3
3
2
2
2393
23
2
2
3
2
31
2
3
2
6794
3
74
3
3
3
2
3
2
2
3
2
2
8991
3
454
2
2
3
3
31
185
3
772
3
75
8
3
11351
31
2
2
2
2
3
2
3
2
3
3
2
31
3
2
31
3
2
3
2
2
3
11350
3
3
2
2
3
11
31
31
2
4896
74
3
73
4
3
3
31
8
31
8
2
2
11351
3
11
2
2
3
7096
3
3
2
2
2
3
2
3
2
3
2
2
42
75
31
3
3
3
2
2
1602
3
2
3
4862
2
2
1977
2
2
2
3
2
2
8
31
3
4862
2654
2
31
3
23
2
73
3
31
2
454
2
4862
2
7
3
4
31
2
31
3
4862
2
3
2
3
31
3
2
1680
5857
2
11349
4
3
3
2
2
2
2
2
3
23
2
2
2
2
2
124
31
2
4
2
31
2
2
73
2
3
31
2
2
31
2
3
2
32
2
2
2
4862
2
2
2
2
2
32
31
2
3
2
2746
31
2
3
376
3
2
2
3
2838
2
2
3
1412
3
2
73
31
3
3632
3
3
4863
3
31
2
2
11
2
29
2
1465
8
3
3
1695
2
3
3
2
3
4
10
3
3
2
2
3
73
3
3
3
3
31
74
2
2
2
2
3
2
7
2
3
8
2
3
4828
2
8
2
2
2
2
2
3
2
2
3
4
3
771
3
31
31
3
2
2
2
2
2
6655
3
2
11349
3655
2
2
3
11351
2
2
17
2
3
3576
31
2
2
2
31
2
3
11
3
31
3
2
2
2
2
2
2
31
2
2
2
3
3
2
31
2
2
2
3
31
2
2
31
3
3
1680
3
3
3
2
73
127
73
2
2499
31
73
2
3
1602
2
2
3
2
31
249
2
11351
2
2
3
3
11085
31
2
2
31
3
3
2
2
6648
3
2
771
32
3
2
3
73
3
11351
31
31
73
32
2
2
3
73
3
31
2
42
2
2
2
771
4862
2
2178
11351
2
31
2
2
243
2
2
2
3
4
2
3
73
31
2
2
2
1602
2
555
3
3
2
2
2
3
2
3
3
3
3
73
31
2
3
31
3
2
3
3
2
2
3
31
2
31
2
2
2
31
3
3
2
2
3
2
964
4
2
3
538
3
46
35
2
2
2679
2
3
2
2
2
31
4862
2
15605
2
73
2
2
31
2
3
3
87
2
31
2
3
62
31
3
3
31
8731
2393
2
3
2
2
2
12
2
2
3
2
3
3
3
2
12
2
74
2
2
3549
4
4862
2
31
2
3
6602
2
32
2
31
11351
3
2
4331
31
13319
3
2
2
3
31
3
3
10612
2
2
32
31
31
2
2
4862
2
3
9
4
3
31
3
3
2
31
73
3
2
3
31
2
1695
2
2
2
3
2
3
3
2
3
31
2116
3
73
3
2393
6767
2
3
7
3
3
2
1602
9
2
3
2
3
2
31
154
31
2
31
3
3
124
2
2
2
3
3
2
3523
11
3
3
2
31
31
31
532
19
2
2
2
3
3
2
3
3
3
73
3
2
2363
2
2
3
2
2
8
2
4862
2
2
3
156
31
3
2
32
2
31
2
31
2
2
2
1597
2
2
8
73
2
2
2
3
2
11350
3
3
2
2
2
2
31
74
3
3
2
2
2
15410
1602
2
126
750
2
3
31
3
45
2
2
2
2
3
3
2
2
7
2
74
2
3
3592
3
2
538
2
2
9
34
73
8
2
2
3
73
3
2
3
2
2
2
32
3
2
5781
31
31
3
3
3
2
3
2
2
2
2
3
3
6649
2414
3
31
2
8
31
4927
3
31
11
31
31
2
2
32
2
3
3
2
2
2
3
11351
3
31
2
31
3
3
2
73
9
2
7
3
3
1227
2
2
116
3
3
2
3
32
1602
5929
31
2
3
2
31
2
347
2
116
2
31
2
4894
3
2
74
2
3
31
31
2
31
4
31
2
2
3
11351
2
2
771
3
3
4
3
3
3
2
3
31
2
45
3
2
31
3
2
12
2
853
3
2
6
2
74
4453
2
3
2
2
2
9
2
3
3
2
3
3
6133
3
3
2
3
2
4
2
73
2
2
10169
2
31
3
31
31
2
3
215
73
32
3
31
2
4862
2
3655
2
2
2
2
3
3
2
73
3
3
2
2274
31
155
2
3
3
537
2
2
2
589
2
8
2
12
2
2002
770
3
3
2
2
2
2177
2
3
31
3
2
74
31
2177
31
3
2
31
4
3
2
2
2
11268
454
2
7
31
31
3
3
2
2
176
121
2
3
8
7
3
3
3
3
883
3
11350
31
2
2
3
190
394
73
2
2
3047
11
2
3
685
31
2
7
3
3
2
2
3
31
2
3
31
3
2
73
2
2
31
2
31
31
31
31
2
3
3
3
3
2
11
3
2
2
3
3
3
2
31
3
2
3
2
2
2
2
31
3
5
2
73
3
3
2
3
2
3285
3
3
2
2
2
2
31
2
2
73
2
8583
2
3
31
2
2
2
2
3
11351
2
4092
31
2
124
3
7
12
2
2
3
2
2
2
1695
2
3
2
30
31
3
31
4
46
2
2
2
31
3
2
1695
2
7
2
2
2
3
7692
2
4
2
3
2
2177
3608
2
8
2
2
2
3
843
2
3
3
2
3
3
8
2
73
7
2
3
31
5967
31
3
3
74
73
2
2
3
2
30
2393
4
6092
2
3
3
988
2
2
2
3
4862
3
2
2
11350
56
3
2
2
812
6125
31
3
2
11
3
2
11
32
31
3
3
31
2
31
12
5872
2
31
3
32
31
3
3
3206
31
2
2
7
4
2
3
8
460
31
11
2
853
2
3
1602
2
771
3
64
3
771
3
2
4192
460
12
2
3
3
988
11350
3
2
31
2
4862
3
3
124
3
3
3
2
3
2
3
2
3
31
3
2
2
177
3
3
2
2
2
2
3
2
3
31
2
3
2
2
2
74
3
3
8
2
2
2
2
2
2
2
2
2
615
2
2
3
2
31
4862
2
31
2
2
2
2
2
4128
2
31
3
401
2920
2
3
1693
3
3
3
2184
2
2
32
2
2
31
2
3655
2
2
73
42
2
2
73
4331
2
73
3
11061
3
31
7652
2
3
3
3
2
3
2
3
31
31
3
32
31
2
31
2
12
3
2
2
2
3977
2
3
3
4862
3
3
2
2
2
46
3
2
31
3
73
31
3
2
4504
2
2
2
2
2
4112
31
2
3
15022
3
3
73
4
3
2
2
3
12
2
8
3
31
2
31
3
3
6157
3
2
4862
74
3
73
3
2
2
3
31
12
2
2
36
2
73
2
3
2
12
2
2
8971
3
2177
32
951
4
3
2
2
4812
2
1007
3
3
31
8
2394
2
2
4
2
2
3
3
3
3
2
2
2
3
2
3
2
3
2
3
3
2
4
2
19
3
2
4921
3
2
3
11351
31
2
1680
3
8
75
2
2
5775
3
31
2
11
3
46
31
2
2
1646
2
2
8
2
2
2
2
2
3
2
7
2
3
2
31
2
2
2
31
2
2
3
73
11
4862
3
2
3
3
11350
2
2
3
2
117
74
31
2
2756
3
2
2
31
3
2
4
3199
3
23
1157
3
3
2
2
3940
3
2
32
2
2
2
2
8
2
3
3
2
31
31
3
3
2
2
32
42
4
120
3
2
2
3
6648
2
3
73
3
3
31
3
3
3
2
2
4862
31
3
31
4
3
73
3
2
2
9
2
2
31
963
3
2
2
2369
2
3
31
3
31
2
2
2
634
11
2
2
31
2
2
3
3
3
3
73
3
3
2
3
4862
3
2
73
3
4
3
1035
2
2
8
2
31
2
2
2
3
2
3
2
2149
74
2
2
31
8
4
2
3
3
3
2
2
3
2286
2
2
2
2
2
2
2
2
2
31
2
3
73
2
2
2
2
3
11351
2
3336
74
3
2
31
3990
31
73
2
5690
3
2
31
31
31
2
3
3
2
31
2
4862
2
3336
2
3
3
2
2
2
3
2
3
2
3
2
2
3
5059
2
3
3
2
3
9
2
31
3344
2
6836
516
2
2
2
3
31
2
73
6218
2393
31
31
11
2
2
2
11
31
2
2
2
31
2
3
2
2
2
2
74
2
2
59
2535
2
3
2
2716
2
2
3
2
2
2
3
31
2
771
3
2
3
2
3
2
3
3
3
2
3
3
2
11
2
3
2
4892
31
2
11351
121
2
3
2
3
31
2393
2
31
31
31
2
3
3
2800
2
2
12558
3
2
3399
2
2
519
3
2
2
2
3
2
31
4
93
3
1602
3
2
3
74
7
31
31
2
2
2
802
31
3
2
2
31
3
2
3
9442
31
3
3
31
3
31
10
3
2
8
32
2924
31
31
2
2
2
3
2
863
2
2
305
2
1602
2
3
31
2
2
1737
4254
73
2
11351
2
2
3
7
3
8
3
2
2644
9
8
3
3
3
2
2
2358
3
3
31
2
3
3
2
116
2
2
3
3
31
73
31
23
2
2
2
2
73
3
120
3
2
2
2
2
31
1746
2
2
2393
2
2
3
3
2
2
3
2
2
3
20
31
2
2
3
3
31
2
2
144
2
3
31
2
2
4927
2393
32
8
2
11351
3
73
2
31
31
2
73
3
5160
78
7
8
3
3
32
2
31
1923
31
2
3
74
2
2
6141
3
3
2
31
3
1704
12
31
73
3
3
808
2
209
2
31
2
2
2
2
3
2
74
31
2
2393
3
2
31
2
3
3
8934
73
3
8
3
2
3
3
11
31
3
2
2
3
10885
2
3
1602
3
3
2
11350
2
31
3661
3
2
3
2
3
31
460
2
3
9
2
3006
3
2
2
4919
73
3
2
2
2
2
2
73
3
3
73
2
2
31
3
3
3
2
3
3
11350
3
3
3
2
3
46
31
2
3
2
2
3
3
3
2
31
3
2
3
31
2
3
5
2
3
3
73
3
3
31
2
2
2
73
31
2
3
2
2
3
31
120
2
771
4948
3
5232
6343
2
12
2
18
3
3
2
12
11
2550
3
2
3
7371
2
3
2
2
2
3
2
4965
852
3
2
31
2
2
2
3
74
3
3
2
2
73
3
2
31
2
2
31
2
31
3
46
2
2414
3
6282
2
32
2
2
3
2
31
2
3
31
3
3
3
2390
2
27
31
31
2
73
2
4862
2
1680
2
2
86
2
3
31
2
3
31
73
2
31
3
8997
2
2
31
2
31
2
31
3
964
3
2
3
765
2
46
2
73
2
3
3
2
2
3
3
2
2
3
3
2
3
3691
3
414
2
3
3
3
24
9
2
2
31
4863
2
2
2
3
4
10480
2
3
11351
32
2
2
31
3
2
31
11351
2
2
74
31
3
2
3
3655
31
2
2
8
2
2
3
2
2
4921
2
2393
3
2
2
9
9626
3
3
2
2
2
2
3089
3
2
2
12
2
31
31
2
32
2
3
2
32
3
2
2
31
31
31
2
73
2
3
1718
3
73
3
2
2
31
73
2
2
4842
2
2
2
3
3
3
3
2
3
3
2
2
31
2
31
2
2
2
1679
12
3
11351
3
3
3
3
3
2
31
7
8
3
2
15275
2
2
2
46
2
964
3
2
3
31
1602
3
3
31
2
3
31
32
1142
2
3
4862
3
2734
2
2
3
31
2
31
3
1695
12
2
42
3
2044
3
2
31
3
3
2
2
2
3
2
3
3
3
2
73
2
2
3
7
2
3
2
3
2
800
3
3
3
31
31
4096
4168
2
3
3977
3
2
3
2
3
3
768
31
3
7735
31
3
31
3
2177
32
31
2
5991
2
2
2
31
2
2
31
2
2
31
3
8
760
3
2
2
2
31
2
2
74
31
4
2
31
3
3
31
3
3
12
3
3
2
2
3
2
3
3
2
3
3
2
31
11
3
31
31
1645
2
3
2
2
2
4868
3
3
2
2
3
30
12
2
3
31
12
1684
2
73
3
4
73
12
2
3
3523
4862
3
2
2
3
3
2
3
2
31
3
3
3
2
2
2
2
2177
2
2
3
3
8
2
73
2
3
3
3
3
3
73
7
2
2830
3
370
2
3
3
11351
2
3
2
2
3
3
12
2
2
78
2
3
32
3
6602
2
3
11351
3
2831
2
2
2
3
3
3
2
2
24
74
3
2
3
3
2
3
3
2
2
3
2
2
2
73
17
3
3
1695
2
3
2
2
31
31
3
31
31
2
2
187
3
2
2
3
31
3655
31
771
31
73
2
3
2
73
2
3
2
2
3
3
3876
74
2
3
5
1575
3
42
3
3
31
3
3
31
3
2
2
2
31
2
3
2
3
2
2
3
2
31
31
2
3
2
2
6835
4
3
2
3
2
2394
2
2
4
5851
2458
2
2
31
31
73
74
79
11351
31
4
3
3
2
2
3
2
3
2
3
11350
31
3
3
3
3
3
2
2
3
3
9
2
2
2
2
11
31
2
31
3
3
3
2
31
3
2
3
31
2
3
31
2
3
3
3
3
3
2
3
2
3
2
2
2
2
2
2
2
2
124
2
3
3
2
2
31
2
2
2
2
1270
4
17
3
3
2
31
74
2
2
2
3
3
2
2
5337
31
2
3
3
4085
3
73
2
109
2
3
2
3
1714
1923
3655
2
31
7
2
3
2
2
3
2
2
2
3089
2
9
74
3
31
2
31
3
2
2
3
2991
2
3
2
2
30
2
2
3
3
3
4424
2
2
2
2
31
31
2
4
5667
2
2
2
73
1948
3
2
3
2
3
88
4862
31
2
2
31
2
31
3
964
2
2
2177
2
2
2
2
3
31
3
4862
2
3
2
3
2
3
2
3
73
2
2
31
3
2
31
31
3
3
3
2
2177
2
2
31
2
2
2
3
31
3
4
7
2
2
2
3763
2
121
3
2
2
2
3
12
2
2
3
31
2
2
2
2
73
2
2
2
2
3
2
31
3
3
3
5013
2
2
3
3
73
8
2
31
31
2
3
3
2
31
3
2
3
3
2
3
566
2
31
2394
2
2
2
8
31
2
8
2
3
2
8
2
2
3
3
9
2
3
12
2
2
3
2
3307
3
2
8
3
2
31
3
31
73
2
2
2
3
2
31
3
2
3
32
74
2
2
3
2
2
2
31
7
3365
3
2
2
2
2
31
2393
3
2
3
2
12
74
2
2
3
6722
9087
11
2
3
2
3
3
3
8
3
3
3
3
3
3662
3
2
2
3
3
1602
2
3
73
2
2
3
2
73
32
3
31
2
2
3
13519
3
31
46
73
29
2
3
2
2
3
3
3
3
11034
3
2
2
2
3
378
3
2
2
2
3
2
3
2
2
2
4862
31
2
2
2
3
2
2
2
2
3
3
2
2
12
3
2
3
3
2
31
2
2
2
2
2
8
2
11351
154
7
4
2
1680
3
3
73
3
2
31
1602
2
2
3
12
2
2
2
9082
2
3
2
2
2
31
8
12
3
74
3
2
2
617
2
2
6524
6492
2
2
2
2
3
7576
2
3
3
2
3
31
3503
73
74
2679
3
2
2
73
8
2
3744
2
2
2
3
2
3
2
2
2
2
3
2
2
8
3
2
3
2
31
2
31
31
2
2
3
31
2
73
73
5290
2
3
2
2660
2
1679
7123
73
2
31
74
9
1602
3
3
4119
31
2
3
31
2
2
3
2
2
2
3
31
15061
31
2
2
12
2
2
2
2
2
74
3315
3
2
2
3
2
4
2
2
3
3
2
3
2
2
4862
18
3
5775
31
5500
3
41
3
2
31
2403
2
31
2
2
2
73
17855
3
31
73
1049
2393
3
11
2
116
3
2
2
31
3
31
31
31
2178
2
2
2393
2
2
31
2
3
3
2
2
2
3
11
4
3
2
3
3
2
31
11
31
1977
4894
2
8
2
3
3
31
2
2
2
31
3
31
3
4815
31
2
31
10171
73
2
31
2
2
31
2
3
2
7
3
31
2
3
3
2
2
3
3
5862
31
2
12
4862
2
18
3
31
3
2
771
31
31
2
3
2
2
2
3
2
2
12
7
2
2
2
2
2
1680
8
31
2
31
3
4
1680
2
32
3
3
3
3
3
3397
2
3
2
2
3
3
2
42
2394
31
2
2
74
73
3
3
2
73
2
2
6119
3
73
2
31
3891
2
2
3
31
3
2
2
3
2
2
3
3
2
2
2
3
3
3
2
2
2
2
2
6
454
31
2
3
2
2
31
2
2177
2
2
4
2
7
194
31
3
9883
2178
74
2
120
2
2
73
73
349
2
2393
3
3
5638
3536
3
3
124
2
2
2
31
3
771
2
11
2
2
3
16
73
1602
3
1430
2
4061
2
2
31
73
2
6767
3
3
2
3
2
2
32
2
2
9
2
2
2
2
2
2
3
31
1679
3
2
2
3
2
6556
4862
2
2
2
11350
74
7
3
2
31
6400
1679
4927
31
7
31
3
807
3
3
2
2
32
4
11351
3
3
5212
3
2
4862
11350
2
73
3
2
31
3
3
417
2
2
2
2
32
3
2
3
3
2
3
8078
2
2
2
2
3
31
3
32
3
3
2
31
2
3
2
2
2
32
2
2
31
3
2
2
3
2
8
2
2
2
2
2
2
2
7
2393
31
683
12
2
9595
2
2
2
8
73
3
3
73
2
3
1602
3
3
3
2
3
3
2
2
2
3
3
2
3
31
3
5755
3
2
2
9
2240
2
8
2
3
11572
3
2
2
74
2
32
2
73
2
31
2
2
3
2
73
3
3
3
31
2
31
3672
10286
2
3
1680
2
1843
2
2
39
3990
2110
31
3
31
3
22
2
3
73
31
2
2
2
31
8
2
116
4862
2
3
2
2
99
8
2
3
2
2
3
2
2
3
31
31
2116
60
3
2
2
3
3
3
2
2
3
8
2
4182
2
12
2
2
3
3
4862
3
2
3
3
3
2
3
2
3
6497
3
2
3
2
4
3
460
2
1535
2
2
3
3
8
31
2
2
2
2
3
11351
11
32
2
31
2
3
2
3
4921
27
2
74
2
2
8
2
11351
2
3
31
31
31
3
7
3
3
1602
972
2
3
3
3
615
2
73
3
32
3672
7
73
2
3
2
3
2
31
3
2
3
3
3
3
2
4862
2
3
2
2
3
2
3
9
31
73
6748
3095
2
31
8
3
2
3
3
31
3
4
8
74
2393
3
2
4066
2
3
2
3
11349
2
3
3
2177
2
11350
2
3
2
3
3
3
3
2
12
2
8
31
3
3
2
3
2
11
3
2
2
2
31
2
2
2
2
2
2
1602
73
31
2
2
2
2
2
3
3
31
2
3
3089
3
2
2
116
2
2
1660
2
901
2
31
6279
3
31
2
2
3
31
2
3
3
2
3412
3
2
8
2
35
3
2
2
2
73
2
3
5815
3
2
3
3
2
3
2
3
3
31
2
3
3
2
3
2
31
2
31
31
2
2
3
4
31
2
3
3
2
31
13
31
3
8676
2
31
3
9
2035
2321
3
3
2
2
4676
2
2
3
2323
2
11351
2
31
1766
2
2
2
13
8
4
3
3
3
2178
2
3
2
964
2
8
31
2
3
2
2
31
3
31
11
31
2
3
3
3955
3
2
2
2
3
2
3
2
2177
10171
3
3
6836
31
3
2
2
2
2
2
10027
2
2
2
31
2
2
8
2
73
2
2
3
8
3
73
31
2
3
73
683
31
73
2
2
3
2
2
73
2
6748
3
2
2
3
3
3
31
2
3002
2
2
3
2
3
2
2
3
31
3
3
3
12078
3
2
3
3
3
73
1233
6510
3
2
7012
11351
1344
7
2394
2
3
31
2
2
242
3
3
3
2
2
2
2
2
2
11
3
2
3
2
3
3
2
31
2
3
2
31
3
2
3
3
2
3
2
2
2
1539
2
3
31
7283
31
3
2
2
2
3
2
3
3
2
3
3
31
73
4
3
1885
31
8
4311
3
2
3
2395
2
2
2
2
31
2
31
2
2
73
3
2
2
2
3
2
74
2
456
2
31
2
3
1454
99
2
3
3
3
2
1602
19
2
2
19
3
11538
73
2
3
2
3655
4
31
2
3
31
9
3
802
11351
2
2
3
2
2
2
4491
3
2
2
31
3
2
2
3
3
2
11
2393
73
11
2
73
7
15
2
2
3
2
2
2
3
2
2
31
2408
3
6078
31
2
3
454
3
2
73
3
1647
3
2177
31
5404
2
3
2
2
3
2
2
2
31
3
31
73
3
1602
123
9
2
412
32
2
2986
2
5769
1553
3
2
4
3
3
2
2
3
4
2
2
2465
2
2
902
2
2
74
31
2
2
2
31
31
3
2
3
3
2
3
2
2
73
2
3
2
31
2
2
2
2
3
31
2
2
2
31
31
4862
2
42
2
2
2
31
2
2
2438
4862
3254
2
3
2
3
3
2
2
2
3
3
2
2
2
2
46
2
3
566
2
2
2
3
1745
3
8
3
2
2
73
73
3
2
2393
2
3397
2
2
3
3
2
31
31
74
2
3
3
2
3
3
3
2
2
2
2
47
2
31
8
31
11351
3
31
3
11
3
31
74
3
1122
3
2
4
2
2
2
2
2
2
683
3
3
2
2
3
3
31
2
2
2
3655
3
12607
7
31
73
2
31
2
3
2393
2
31
2
2
3
2
3
3
2
3
3
3
31
3
3
3
2
30
2
2
2
3
2
4862
12589
3
2
2
3
2
2
2
11400
2
2
2
138
2
2
2
11
2
3
3
3
9
376
3
3
2
12
2
4862
73
3
3
2
2
3
31
2
2
328
2
3
3
31
4665
3
31
8
3
6083
4862
2
4
3
31
2
2
2
3
3
421
3
3
3
31
4774
2
2697
32
3
2
8
2
771
5172
3
74
2
3089
2
2
3
7
964
31
3
2
1028
3
74
3
2
3
3
2
3
3
3
2
1207
31
74
2
32
9
31
3
2
2
2
32
852
3
126
3
3
3
771
3
31
2
3
11350
3
8
31
3
116
2
31
2
73
2
2
3
3
3
73
2
3
31
2
31
2
3
2
2
2
2
2
2
11351
2
2
2
11
2
8354
3
4241
74
2
31
2
31
2
3
31
2
3655
31
73
1862
2
3
2
3
3672
3
2
3
4
3
2
2
73
2
2
2
3
3
125
2
2
3
31
31
3
2
2271
3
3201
2
2
11
3
1166
31
2
4862
2
10176
73
1412
3
2
73
2
8
3
2
3
3
3655
2
12839
3
74
3
3
3
643
3
3
31
8
2
31
8
2
1491
2
2
3
3
2
2
12095
3
31
8
31
2
2
3
3
2
74
3
185
2
2
2
31
31
9
2
3
3
2
3
8
1369
2
3
2
3
2
31
3
12
2
2
1302
2
93
2
2
2
2
5867
2
3
3
3
2
1602
31
31
2806
73
2
3
3
31
2
3
32
3
3
31
2
31
3
2
2286
3
4
2
3
2
2
2
2
3
31
31
2
3
4945
2
31
963
2
2
2
2
31
3
12617
31
4
2
2
2
2
31
73
2
2
8
3
1745
3
2
3
4862
2
8
31
883
2
2
2
2
86
31
9
2
3
2
2
2
1317
3
3
2
3
3
3
31
3
3
2
3
2
73
12978
31
3759
6837
3
32
4
2
3
3
3
4862
2
11351
73
2
2
3
3
2
1923
74
16682
7
3
3
2
31
3
2
2
3
2
2
3
31
2
2
3
2
3
8
2
2
11
2
2
3
2
9
2660
3
31
3
2
3
3
32
2
2
12
4
4862
42
2
2
5563
8
31
3
2
2
2
2
31
2
2
31
2800
3
3
2
31
2
2
3
124
2
73
2
2
3
8
2
7
3
2
2
3
3
31
3
3
3
31
2
32
31
2
31
3
4862
2
3
2
2
2
3
31
32
31
31
2
2
3
3
12617
2
2
11
119
2
2
3
2
2
74
2
31
2
2
5455
2
2
3
2
31
3
2
2
800
2
2
3
8
242
2
3
2
2
2
31
3
3
2
2
2
31
3
3
74
16331
2
2
2
3
3
3
3
73
2813
73
3
9976
2
31
4
2
2
2
3
3
3
74
4862
245
3
2
964
2
3
3
2
3
3
31
2
2
2
31
31
2
3
2
2
31
2
2
2
2
2
8
3
3
2
3
3
2
2
2393
2
3
2
3
3
2
3
3
7
2
2
4862
3655
3
4862
3
31
2
3
2
4862
3
2
2
2
2
3
2535
2
31
8137
3
2
31
3
31
2
3
3655
2
2
2
2
2
3
3
2
6785
2
3
3
2
2
771
5235
3
3
2
3
74
31
1317
31
3
3
74
2
31
2
32
3
3
73
124
16
3
3
31
31
31
121
11
4
3
2
2
2
2
2825
2
3
3292
9
9
12
4
2
3
3
3
2
3
900
3655
3402
2
1602
31
3287
2
31
3
3
31
2
2
2
2
2
31
2394
31
31
3
363
3
3
2
7
2
2
4
2
18688
2
2
31
2
2
2
8034
2
2
4433
8
2
2
3711
5798
3
236
3
2
2
73
2
32
2
73
73
2
2
2
3
31
11351
2
3
2
74
2
3
3
2645
765
2
121
7
2
2
116
3
2
6014
771
3
3
31
60
3
3510
2
2177
2
31
3
31
2
3
756
4872
3655
3
2
2
2
3
2
46
2637
3
2
2
2
2
177
549
2
12
11
31
9
2
3
2
2
15217
3
3
11
3
3
3
578
1561
3
2
3
2
2
3
31
3
2
73
6014
2
2
2
3
31
2
2
2
3
3
8
349
3
3
2
3
2
3
3
2
8
3
31
2
2900
3
2
2
31
2
12
3
117
4862
2
2
3
2
2
31
31
31
3
2
3
3
2
2
2
3
2
5436
31
31
3
2
126
3
2
3765
31
73
3
124
3
31
3
2
2
2
2
2
2
3
