10142
7280
1220
219
1719
72
3485
8096
1539
18597
6566
4719
11380
52
246
7227
2029
8337
1434
7514
4491
3042
188
1468
3286
74
1644
18576
6499
17187
1532
973
30
1504
277
8635
1395
1348
5051
3437
5518
342
4100
13972
774
4989
13553
10918
2
463
455
181
3054
2459
1116
1456
215
12814
2606
7508
5585
6344
3
555
258
4216
1336
1929
2328
3896
1751
2792
10889
9167
412
11643
13252
553
2037
6465
2336
3408
319
13919
5480
4111
3465
5145
2575
358
2375
16184
1031
5336
3975
8922
1801
970
1966
21071
1032
6694
1421
5937
2536
2477
6479
181
7310
756
237
248
3040
3715
5190
910
7260
6243
249
3394
1198
5008
2489
960
4910
941
3567
400
1808
1948
2497
5026
4109
893
1463
6880
1095
1335
2034
551
5605
226
4105
1400
1411
9830
373
17567
4625
5207
4563
7683
2890
1950
220
2864
1088
2240
929
4437
2720
1943
3732
1166
1141
7891
1047
3638
8650
15930
1456
7651
3275
918
1764
1567
2546
4641
5098
181
947
1770
4935
3029
3363
5520
5293
2277
6184
8881
579
6969
11640
5338
437
725
1443
2828
1489
3876
1443
2623
1373
528
4117
4325
3302
1831
181
1823
5411
755
1589
3537
1371
1530
100
2432
1265
277
14299
17099
948
454
4395
1997
1227
6732
6955
463
297
4679
1170
14984
642
6374
2167
1769
1087
2893
9146
4560
427
832
624
1359
9123
2439
611
447
4816
195
4474
1992
1173
5495
5285
4142
7453
4368
2179
20
2790
2616
11741
2262
1279
4430
6817
379
2849
348
1357
2431
130
3877
1713
596
463
3365
2670
1502
5298
984
4763
1333
3233
677
4407
2698
1409
11192
4818
267
131
894
502
6737
352
1712
1319
3282
4954
4354
3693
7913
561
2331
7781
2124
1728
3604
3244
3200
728
1570
3374
658
6131
735
2563
4131
2210
4519
934
2734
1086
2077
5859
8359
10449
3
1819
1565
1324
6347
552
373
8908
1351
1793
4389
2339
4490
7301
2559
406
6608
5196
4991
5362
5578
342
1064
6736
3469
5813
664
5720
380
326
12964
4243
2462
10005
1836
1945
2922
1026
556
2018
2347
193
9322
3612
1143
367
1269
433
12435
1057
4000
5337
342
2841
1846
3095
6612
6973
12225
1057
3
4006
784
6611
17885
1309
3286
4
4230
2
1394
4735
2834
1211
1184
5220
253
10354
7376
3269
4131
8522
7406
602
393
15890
1211
1558
2485
3516
718
7401
1776
1186
1838
2697
2688
729
1287
12154
1545
2916
696
2816
7532
1342
1035
1812
86
1829
512
18946
5869
3938
102
4832
20
1860
2469
3317
164
346
7113
385
2880
5211
3918
10046
418
2256
1510
1200
2005
709
832
3358
1930
2911
1774
3120
1257
1636
8799
3134
3348
3772
170
5924
3
7809
936
2052
8648
12964
4465
634
1798
4659
5547
784
1819
5180
2056
121
1060
8812
7093
653
3773
6234
17411
5463
3039
3649
2487
2798
9226
29
3861
1336
6273
3253
6516
3500
1893
2048
2077
1032
968
5055
1865
27
2039
4467
1947
2484
14373
942
569
2937
5723
3450
1687
4734
27
7564
15709
9613
3371
1859
3998
94
5446
1026
1721
2129
4192
4229
4084
9016
2355
967
6654
630
5417
643
8359
670
181
2221
10113
1096
2101
7864
1241
21581
4736
4417
1072
318
2004
5858
5078
885
2509
685
7959
342
607
2651
4698
555
1542
431
6931
2473
566
4089
790
1132
3338
7485
4837
1290
3709
6699
2139
180
5304
27
10044
844
2771
1861
3737
3103
2177
2467
3058
1335
3673
3545
342
1117
1052
2760
1247
2909
4
2241
3575
3365
3778
1437
6939
3531
1690
1590
3588
4813
1737
8780
2225
5000
1996
6268
27
7112
8760
638
2956
1256
1189
2584
2489
92
1225
1742
2282
8274
5097
8376
215
588
1641
16932
129
5795
4822
3239
2825
4752
6991
1649
3272
3350
8387
1638
929
1176
3510
356
9577
7951
30
2562
852
2011
5679
2
2841
1783
65
318
1058
3577
3147
5338
12404
2739
681
1067
2757
12680
8640
428
1760
2854
1724
380
6195
6159
527
2058
2902
838
3377
3
3404
1275
893
7945
3763
1206
2177
1093
4962
615
699
8520
4368
1815
780
25
861
1482
5098
1775
4891
5154
4583
5775
446
343
671
2737
4868
3491
7232
3409
2279
10450
7934
1294
1052
3149
888
414
915
4244
3495
16250
144
504
10050
7187
5895
811
5709
186
10456
2409
6533
1315
3673
375
4944
170
8850
3323
2481
2663
5352
2285
6493
1046
1586
605
1535
605
617
1987
4937
2709
1638
4311
1109
7704
1570
2776
832
4845
829
4394
3290
6446
4
2294
181
4106
8950
5571
4199
2610
726
629
6899
3551
1260
1178
2488
6032
1741
755
2939
4199
452
5266
3372
63
1014
9842
18218
179
7979
12511
5124
2340
2679
3670
3022
4322
342
1710
8111
4194
6040
6753
10079
2995
16255
1523
777
3122
9093
8199
5618
234
1993
2550
7643
5777
2134
5309
4395
2374
3243
546
1664
5115
1354
2205
5155
130
14434
416
14188
4889
622
535
201
11287
1958
3875
5034
1294
448
85
3727
1971
3099
2335
86
1375
365
660
6937
3825
2933
7099
3918
468
37
4466
3274
3459
12682
278
2431
2575
3948
4432
6262
38
219
4865
304
1375
3626
215
3779
4201
4004
1289
3044
3411
537
2877
2498
621
3829
7206
2085
8516
2673
2144
2471
323
4204
4584
3
1626
1260
13888
9369
12529
5065
2909
1317
5720
342
679
4633
262
2
3
8140
6082
1724
1237
10172
3989
8093
95
1141
9629
6631
5200
2077
975
929
3297
4087
3813
3988
1959
2097
903
692
1376
2822
247
947
6275
1126
271
8026
2899
3984
1463
3118
5365
179
3
5834
8462
1391
976
1824
2609
863
7916
1404
2736
448
2111
4190
810
915
615
1462
3899
6455
1419
1621
2822
1045
1333
4143
216
5754
1220
342
5235
2435
691
481
1431
456
659
14909
3320
240
9900
7154
5175
14689
5163
970
948
2923
1091
5658
4224
218
1101
2714
1947
27700
1869
309
3321
4371
4
3376
7665
19277
4119
2072
1842
2642
500
3159
2742
14540
5886
6128
1443
6147
1466
123
6730
240
944
3012
1745
3394
2803
1947
4292
918
1880
2987
371
1679
2540
1382
8352
344
585
3049
468
1342
2977
3
931
3036
4
2280
1397
6113
12964
5626
198
240
1133
740
2918
4364
4547
27667
5316
2987
9306
11865
1834
413
428
1156
2313
869
1566
263
1755
1945
8680
11820
740
14366
551
2404
2184
243
1659
1046
1789
3021
4641
5057
4787
1384
380
3896
4989
2434
9111
4922
4614
2810
1321
7540
642
951
2688
4198
2278
825
1512
3093
3124
1284
4560
2692
7481
9450
1951
2036
3691
2649
978
1050
5051
3057
3454
7993
2072
2967
335
590
488
563
2840
3176
8013
22079
6342
5967
2713
3040
3473
2364
2691
1221
2758
2849
27
3957
788
1722
231
1763
3546
158
1498
1108
770
1873
342
5345
2021
4382
6355
1197
784
1252
252
1823
971
2914
342
1578
1232
7660
6075
5831
4207
5091
178
756
5814
4981
2098
3038
6592
8060
2066
502
7449
9361
1545
3586
6260
1465
1268
3911
3951
6930
2597
9216
5595
3959
2260
1724
1552
1786
1493
14113
2348
1659
512
1873
7194
15932
16165
3520
15977
109
4193
762
2758
1394
27
2974
827
500
1368
1145
2170
9980
4966
4926
2827
3744
3
4106
3062
2474
257
543
1007
1179
1579
3888
9193
656
5444
2433
5710
1159
1056
7990
826
4853
2163
1843
618
1709
2453
4974
1424
13431
3283
27
3207
3582
1903
8808
1839
188
5523
3172
3449
147
915
7786
4152
6629
6865
931
5732
3887
12634
7054
584
463
3183
4389
1991
610
134
1346
610
104
5522
2085
130
4573
1798
758
3370
898
104
199
3424
394
5059
6310
4075
4741
2647
1212
1384
282
416
3122
2542
1927
21073
4557
550
1064
1761
2733
1009
1499
2999
1404
37
8308
8976
2484
2904
3353
6852
954
3087
3508
4562
586
2074
9160
140
1843
3040
2940
2561
10469
1977
5357
3320
2278
2920
2104
3927
5146
1606
7948
1453
2832
3168
3123
131
839
4955
2474
2917
16861
9480
2785
4353
4475
23144
2148
4154
527
1985
10264
3
1072
4245
883
3444
4566
1661
3422
4946
8760
5565
1668
4836
928
694
9030
1826
3294
4943
997
1174
6896
3993
2731
795
485
1087
1304
13980
4903
1860
111
522
3501
2887
3438
2766
4507
3797
3417
46
3632
2399
775
7011
1618
2895
79
2259
2986
342
1783
3870
21956
1440
922
7725
19927
620
1514
8587
1717
16660
4766
1952
6978
7734
6533
1191
1195
2077
2021
3204
1091
13059
546
6702
6017
1027
4375
204
5518
4320
4799
12675
4798
1739
560
6159
3929
4168
3079
3848
4378
1527
5582
378
2375
239
2575
1393
2096
4654
6101
344
4270
8387
886
2263
670
6274
5049
5119
8409
1758
10817
970
314
1084
12124
5630
5718
2558
711
1970
4771
1077
7941
4
78
1086
2589
2861
3489
1542
3
5353
3341
2039
3423
1621
1720
265
6261
894
14435
22596
1668
7292
6205
2582
2324
726
6370
6334
8259
6118
1970
1691
2735
2947
3179
132
1110
342
2509
6595
116
8184
783
6463
1052
1302
6104
9926
2015
5547
7329
5414
2079
1510
3898
1043
1089
540
3943
4167
342
3543
130
3426
2091
155
854
5200
3803
2564
2467
1447
2078
1259
523
2673
1788
903
5238
112
8825
1668
1498
814
756
2478
5835
11552
2077
1930
3
54
2155
8307
8374
248
2983
1123
4366
201
2539
587
1220
2629
872
4764
129
2842
2
942
114
7614
1356
1282
5389
3353
342
5852
1254
3133
7323
11102
3017
3346
1628
1707
275
2275
1448
1657
1705
51
1674
1377
1245
4488
1649
1409
1825
4382
2687
178
9
752
3125
1223
4763
730
936
17839
359
21138
3238
1375
2819
3347
1483
4291
3589
281
5197
4
1516
571
4327
448
6434
562
1429
2896
432
1924
4486
10439
3407
1117
1047
1709
5111
6266
5776
9291
2021
2781
1611
3477
3
201
10441
2602
382
3589
384
929
1416
1009
2057
2686
8297
1601
4743
1072
4062
3576
3687
4398
127
639
4058
2243
900
117
13950
3330
2877
2391
2622
809
3485
342
16349
342
4540
1413
4501
5282
8157
8410
2083
155
1318
334
130
1904
6932
11211
2112
1907
6250
4102
436
542
1007
9472
218
2333
3460
5661
2561
4077
5843
6750
481
868
959
1195
3
8299
17740
195
2859
9939
497
1362
7815
2264
10184
7841
13336
2288
4
900
740
1754
3581
2929
638
4757
8051
1763
224
8085
3129
3612
1413
1772
1496
4041
19391
4695
779
27
1645
17
4058
4193
4611
1452
23
3
2304
2905
7809
215
5349
2952
1980
5895
3516
2159
3505
960
4326
5093
1346
3980
4207
2086
1254
2020
2457
3867
8543
27
7331
824
720
2031
2077
2963
10042
3848
303
3067
584
4886
8525
1877
775
8153
1092
7091
2660
6991
7322
3392
2655
2285
732
3393
5390
2163
817
1281
667
7640
12968
3399
1967
2756
317
802
7111
7843
4184
195
341
1078
3902
1522
1994
281
1013
1649
83
10256
8931
3831
342
11755
342
24
4
395
3143
1083
1219
4476
181
5366
4982
2962
2444
1193
27
2266
4936
796
1025
8792
3054
3195
294
2067
693
678
295
4786
2531
2741
5666
3081
326
130
469
2960
2237
2804
958
9341
25703
4904
6349
791
1241
4022
11199
2087
4850
1685
37
2981
1156
4754
707
4009
319
602
17991
3
1196
2390
547
2983
7050
1509
413
550
4924
3673
2235
2505
5874
6497
1952
8409
2243
1020
5456
154
1013
1528
3
598
4
2369
4768
357
8536
2635
510
6611
37
1562
604
486
291
2411
3166
310
14
1039
2544
1300
16128
7426
3679
1805
6608
3656
2245
3197
673
2617
1930
370
2249
737
5235
700
648
6836
180
4483
1782
1400
1679
4669
8823
38
1413
445
3062
3151
617
1409
5346
471
1897
1062
2371
2232
7733
841
1748
3643
7237
2132
3223
12183
3074
1404
4111
1984
1083
989
16486
2455
385
977
162
3289
3875
1965
3118
181
6631
10445
4299
1158
2630
2497
525
2239
4441
667
16893
3672
3714
4991
2653
632
5822
8021
2030
342
2464
1751
4420
6201
2138
5708
7305
305
4192
1244
4170
6034
1599
1335
4898
926
784
648
3798
3226
3149
7244
19180
4847
5353
2469
8648
3092
2137
214
369
1139
6189
242
430
167
2652
1809
3929
2297
3171
1978
2086
370
2214
3846
192
6369
1440
2659
1801
1787
5278
1030
4872
27
1702
2710
690
3
240
5446
430
4277
2898
1804
2795
3081
3366
21183
1197
3861
7409
2705
27
528
2168
3477
634
240
2065
2372
1243
192
3912
8514
626
302
756
1873
1940
181
3310
5010
884
1823
1963
5998
1253
8646
3807
1226
16614
3717
38
471
342
805
1307
7393
8468
130
4353
17231
32
2082
71
6170
2667
20358
2424
9417
513
1223
3482
2912
3690
1570
4035
8004
3380
1099
2032
7036
2336
522
6959
1548
12886
2727
13996
676
1037
4691
899
7261
5919
761
14887
4316
8999
2253
2396
7445
5464
5950
4993
1485
3468
519
7696
967
4288
4599
90
3121
79
6740
4373
235
13008
342
700
5059
1237
4253
3669
5153
10453
3106
820
6207
6038
4218
6197
10206
7394
6129
4114
2197
3778
130
4884
1454
230
390
3260
3287
1599
1035
2320
27
3515
4918
3645
3390
5229
1674
1807
3548
505
1939
4077
11890
3669
831
3
704
312
2072
4012
2531
4036
2330
6408
3343
4420
49
2329
3392
574
709
1077
2610
3408
2238
654
930
3298
641
7647
4134
1443
2136
2307
3016
4193
2201
984
1977
730
479
2077
3054
1261
1084
4
929
328
4851
2356
107
1928
673
6029
109
1586
7992
2138
6876
2606
3143
5223
907
13348
8036
258
409
4051
5728
2392
1000
337
2740
882
4042
724
666
5574
4193
7051
843
2906
4019
668
2714
4029
3427
5458
678
3689
1154
2377
791
21433
910
3348
769
1273
1140
1640
1022
486
78
812
2930
1072
2660
3062
1190
1335
9821
9304
2893
5359
2746
3028
4252
572
1273
342
5685
4004
257
1009
3478
4181
1436
1874
8195
3887
2241
362
3
875
1284
3920
239
1692
8830
2346
704
1460
23379
10861
13726
689
946
700
2491
14722
2147
1645
4283
5408
2112
3
3335
2785
13271
4059
1357
585
2130
768
2802
1574
3117
5885
471
4761
1221
6190
2378
932
673
7652
9647
3313
2551
4761
2806
3706
8308
130
9454
921
6402
1595
5084
2036
5391
4934
351
12030
3944
5136
1647
3396
1536
1097
903
5289
1683
559
949
102
1039
564
9809
1276
1339
5118
3039
781
356
2561
4140
2451
4395
1512
1107
339
4773
689
4425
5025
2034
188
3922
842
3516
1717
1377
2870
9492
2876
9400
119
3076
160
2949
5618
602
1300
6527
912
4907
3395
193
2932
3072
3967
12336
3978
3299
2830
1517
5113
1648
3280
6674
559
1443
591
6317
11422
135
543
575
1215
8454
1917
957
3673
730
3732
1033
1349
1080
2750
2697
7199
98
3076
2141
1866
130
1008
3264
2312
1267
52
4663
870
1532
15295
3181
1446
3452
9058
1046
406
5413
6738
5220
27
2077
195
1166
1578
175
2803
2251
970
2324
510
2657
874
4650
3172
3690
1091
7500
4722
1837
400
3465
2381
591
181
2042
1466
12456
1959
2518
3508
2445
2148
4930
2446
4546
2499
5875
1028
3414
3157
7226
477
1571
6383
3
1717
404
1307
6039
2622
5067
4449
5967
696
6863
14493
8592
3602
1189
1777
2844
7282
12186
2543
3
1231
1697
1387
8664
7692
10229
897
8909
6302
7616
1297
2362
2727
3310
2125
2231
3862
5899
10780
3785
2227
3198
67
1618
1898
2116
11000
342
1392
52
2267
2689
622
369
5921
3667
13046
3120
923
4139
3164
1137
10165
627
1327
3174
3283
3394
1588
3332
2320
382
802
1355
3736
1458
3545
966
570
620
2207
2262
6362
731
2875
9103
4904
1104
2589
599
630
7411
7894
6086
3172
16819
8399
736
2663
4301
1846
6979
3783
596
122
19215
7041
1094
4818
3456
2964
37
2465
8026
3580
2262
1961
10829
7565
5879
1505
2200
2513
8046
4040
3
5318
714
503
2441
1553
1174
2935
84
6612
3149
3056
89
7333
1499
3793
6718
11370
257
9351
47
3
1762
2532
1126
951
940
466
5540
969
3889
675
1418
4718
3943
3
5450
7001
4220
4163
2
954
943
2982
3583
1452
3265
961
1063
1410
216
529
2262
3147
2923
1397
1109
5463
2032
3263
5243
2291
2815
17425
103
2146
1335
2370
6863
13270
23840
818
8040
1141
3456
7963
5944
2502
15447
8546
6419
7887
8970
4144
1482
4915
3792
4373
8736
1769
10007
2439
716
27
8404
1550
789
2586
6897
5285
4
58
2173
962
1511
580
794
4603
2341
597
1814
344
1349
2075
1362
4
3673
909
4411
1880
3329
5462
12964
1458
1758
7586
649
222
3387
338
785
3440
6323
3584
2987
3818
131
4
1072
1939
9388
8771
279
2788
1183
198
648
5324
1674
1331
6137
1843
5408
8115
654
3368
1089
1252
52
657
2650
393
687
8133
1587
2644
5037
2211
683
7276
5025
4401
4608
6314
2013
2399
1616
826
2433
215
2222
2562
248
219
4599
577
3608
6195
2989
1408
4574
1380
8763
1209
506
5368
9204
1078
3459
2011
981
4064
2240
1214
2728
2884
1610
1172
3352
3595
1008
8643
3611
4404
1146
1478
4805
26647
912
5451
4257
2973
3761
4422
3515
218
2427
3804
15295
426
6412
2893
790
3060
4827
4089
1287
2122
2353
551
2797
100
3729
4429
2544
1408
342
98
3215
1435
7716
23855
3120
6869
1154
2361
4463
279
3
1242
1131
1887
2042
475
5324
5567
7628
1573
1095
1550
2587
7273
3678
4461
1189
2854
21627
209
805
4878
11445
1386
3260
912
3794
4541
3293
461
21129
1985
3535
4858
2295
2355
1312
122
2204
4835
1536
1585
1066
4381
1078
4235
4048
2987
2605
6178
2243
538
6858
2246
14448
3714
5980
2077
2892
7226
3637
2814
594
1078
4048
6643
2926
3658
2976
2200
932
1595
3584
10553
4786
4028
11440
127
1139
1310
2293
2497
8819
318
130
1075
621
2896
3
1083
8720
3017
1793
1988
1097
3585
4204
871
2703
4082
181
53
1243
7622
3780
1875
8541
3716
2076
5270
664
6681
10612
1006
1459
5920
2078
2516
9
5078
1626
1174
3509
4302
9033
3374
2614
1187
4848
4560
1365
1324
1536
2220
1163
3108
5916
7220
4159
27
2205
1796
6873
1332
5536
95
11608
2165
2088
1095
3922
46
294
1558
6503
1200
2163
2662
166
2309
1462
3800
1175
1565
8199
5999
1520
1595
4816
1722
3517
3063
135
2561
17718
573
773
2678
11539
780
1394
1057
2191
9837
274
4582
1894
755
1443
382
1397
8809
3751
4790
4625
170
2367
4583
5711
2603
7541
4006
18287
14644
86
4150
9678
2986
5169
996
3009
2648
342
1406
7261
277
7055
8076
4717
3575
3046
730
4459
3171
1441
24392
5997
6100
2414
2591
130
641
30
7550
1020
3498
2329
672
1133
121
2114
10681
342
1946
2220
3423
2065
2488
1532
3464
4185
5277
1619
3069
2714
102
625
2690
5560
893
3562
2180
839
576
362
2385
2300
3498
191
4059
408
1354
1787
5485
15324
3036
3982
1432
4016
986
890
175
6407
4801
18853
2325
923
10323
1015
4
14395
9455
988
5893
7342
721
3283
1604
1891
6841
955
6187
402
358
2563
649
484
3597
1186
72
1704
5943
1073
3869
2161
10151
516
1583
13149
1379
2229
6601
6578
3481
1994
816
9838
1996
6418
3120
856
1097
2063
6735
561
342
596
3804
1419
130
3244
635
875
7103
247
3183
2327
342
8675
1604
2905
449
2217
3368
1585
2897
1137
3086
4535
2365
3613
1034
4233
3340
2350
6285
1879
4893
3622
1959
130
981
342
601
469
4270
854
743
244
1461
562
3881
1821
4318
12537
5422
2489
4323
10912
13319
6627
8224
2192
3634
1276
2079
4003
7319
10763
3
735
3672
933
2170
568
377
10624
2310
4125
1617
7555
304
1196
1875
2820
1011
333
10445
1537
875
629
2310
5417
4530
4083
14350
3050
218
2661
17
221
13137
2267
13459
5710
352
4859
5101
4937
3050
1442
2587
230
662
758
1584
1003
215
6754
4029
8399
8024
1931
593
1728
10339
1026
912
1565
3621
774
1389
4
4600
1046
3243
1006
2066
5153
409
2507
1885
11020
4072
3974
4
2336
1617
355
799
2426
1068
2171
181
1934
2568
3387
17191
2590
7698
7562
4243
314
825
5731
6267
5243
18628
1247
450
1757
1401
1158
189
2378
4956
5570
9780
8985
130
1608
1412
1314
2990
3733
21702
28
1566
3
2264
4010
15373
728
8048
1977
750
2606
513
1657
130
2849
4957
2786
2009
1637
3348
17046
5965
1796
3
58
1223
2973
342
879
1219
2101
7629
130
301
924
12648
3125
2805
2986
131
2807
4441
2874
1275
130
442
1743
4844
446
1154
1950
5911
6883
63
2410
215
2732
1115
6034
3569
2043
138
232
3691
1817
3627
845
4246
151
11915
1692
3683
4671
7826
1318
2641
4648
1689
961
2692
3482
1888
641
937
1204
3470
1288
14185
3853
1761
4863
3027
1705
1952
6087
18532
23602
305
3709
1458
3429
2301
7759
1203
3488
808
630
1730
1232
794
1271
7114
215
8381
555
13956
2396
4934
1574
2166
3889
4003
3967
452
1706
5183
2624
644
1264
2935
3911
5450
343
2608
4
3762
9578
37
130
2869
172
2403
265
835
6097
1307
4136
1743
4506
1558
4172
365
7657
7148
3184
4
2873
1865
217
2248
5865
5126
1441
9120
5270
1505
4846
122
611
3983
2283
657
7706
394
962
2198
9291
13298
4370
2756
962
448
1500
240
718
130
1643
2682
6058
6661
8378
1068
4539
224
3262
3600
14524
1189
6033
1897
448
1165
3429
2243
533
5189
4539
8799
485
215
3372
78
1010
406
3
3070
1182
6635
6970
4391
2013
2324
3346
1830
4119
5681
1823
4380
806
2146
5432
417
2924
2466
1213
5143
1825
7378
571
1112
1990
3309
3593
503
3006
4296
2379
4901
14258
4339
1041
9757
2870
2735
4628
778
3570
2077
4157
3746
4484
3186
605
7552
2134
6201
2932
2356
1431
2826
27
578
1324
1270
2553
5001
1025
1628
115
1599
1071
2942
5208
3044
4906
448
4377
1002
3606
6545
203
1420
753
6038
7679
197
456
2444
1208
1102
10773
5637
9754
3773
2012
1072
408
2984
3
5690
2437
722
3216
7149
4264
4411
913
672
377
10451
646
1966
12601
4987
3966
2388
1200
1763
1937
8697
3947
2071
8387
250
1298
276
3006
853
851
829
4135
5787
955
4
1165
4787
3796
2381
1920
103
1505
994
1667
3
5652
7337
5472
11364
888
941
3038
3974
3268
1033
1106
4313
2024
27
2259
516
469
347
333
342
1222
51
1112
1063
1615
6573
1376
978
2085
4006
13574
73
1020
6530
1287
6394
83
5741
700
5226
4199
3206
13165
3302
8340
2339
2750
1116
3544
1064
2331
5752
1313
1317
3689
1306
4104
4254
1782
15506
1994
1073
4006
1527
216
2292
2077
619
2930
4608
1947
3701
1877
363
1751
21192
78
770
3
2791
3424
816
4722
7519
604
1232
25227
79
5386
7393
3562
122
4340
2818
9540
27
4856
1141
644
3307
2479
1509
4620
2440
3199
4817
2953
4463
1986
922
9194
5630
608
378
7951
1876
414
142
3
2247
2499
1787
2661
6144
1121
7090
571
753
2162
4557
4197
4944
5513
2064
8387
1193
1327
9353
3352
6373
2492
2807
5780
137
692
2138
14199
6408
1951
8409
6429
724
3019
4002
2342
9054
3514
12536
2015
3794
3913
3809
2477
13876
11007
2536
8703
653
6275
526
15526
1347
1195
317
15619
477
3561
10175
2388
6205
3352
181
308
3250
4893
2354
486
1429
568
195
2008
2003
919
4225
1980
2077
1860
3465
700
1678
1689
1062
6629
751
5549
3525
7536
99
6069
1359
701
1826
3718
394
130
1074
3648
99
6622
3393
449
1709
1750
2124
2952
3
1522
1038
7337
1334
2077
351
151
227
10297
3791
846
3287
509
4320
7122
1248
1219
1787
3414
1896
1582
2261
1121
3767
376
4395
4651
4623
4015
1794
5504
270
7070
12860
83
14946
3648
13466
6117
5482
12033
2213
8306
126
4843
1497
2782
613
4194
911
7218
8470
4270
1761
3407
7069
5816
3342
4308
2180
277
3083
1394
4939
5845
1297
2219
1174
5009
3331
2693
5488
1771
7011
5438
4773
7564
12047
646
8832
820
995
2104
4698
4011
650
2991
6654
6482
1221
2536
1345
1557
8629
15022
20
7544
2408
1899
3748
2093
3
1945
5896
5706
2238
2492
3277
4973
5760
677
1178
3038
4024
7129
5593
2306
2012
2504
4982
1734
207
7614
1277
2842
626
104
5409
1355
5228
8681
4726
7045
2576
8146
1499
219
1374
2499
5753
4470
1957
5863
1595
1222
1758
8192
6402
3942
921
1235
357
3697
1169
3537
6150
7297
2121
1755
257
14232
68
12840
889
3147
658
1888
2424
3
595
3911
270
4508
1705
3
5522
693
4056
5522
883
712
2404
2596
1709
2327
3904
2793
3480
194
3770
36
2038
2243
371
4648
11813
2106
1893
2723
3630
1980
748
4298
143
3568
5202
1388
48
7294
1661
4395
677
2139
82
534
912
2514
209
1635
4000
6341
2209
963
27624
3313
3246
6262
315
1386
1895
1672
79
8733
683
1724
2766
5118
7968
28
742
4455
9078
4183
3432
3611
664
4365
9157
2151
2077
2474
10374
255
3171
2689
3716
1839
4819
27
2271
9839
2495
1133
9609
9072
4637
1425
414
2180
2759
524
2172
6039
6035
2454
2252
1162
8508
313
3896
745
3850
9631
4395
333
996
1076
181
765
2664
1156
1909
1850
635
1465
2168
6567
2335
4616
2077
2358
3467
1317
974
3429
345
1804
849
3237
1138
342
551
143
437
4561
293
152
1091
3561
1725
446
5611
506
6063
1342
3476
9939
26
10313
7737
832
2453
1536
130
3750
4134
5299
2658
9991
4357
998
3969
318
1716
5917
2945
7519
3803
4940
449
2147
411
18189
47
1653
4971
845
5606
394
554
1360
8285
521
4721
3084
4298
4176
2138
14061
438
3942
1086
3133
4767
2257
467
4830
3319
16358
1942
4982
1099
3814
2218
2244
8688
20440
1386
2021
6432
8037
3327
9157
2563
1903
6475
4488
2077
3007
3233
4086
7170
3329
2885
1074
287
1025
2596
1589
1918
979
2184
2737
22980
3960
1780
352
3243
985
7168
4927
6329
3832
6487
1822
9206
8057
2641
2480
27
4026
2734
8955
5595
5729
6861
833
26211
562
8781
166
1605
666
3
746
3458
1113
3298
2529
7202
787
5462
325
1976
1398
6014
171
1549
1181
1014
3045
3797
1627
2878
2087
3039
3613
2956
1126
3293
9689
104
5970
347
3028
1036
3804
4075
8573
1333
16495
2124
730
8138
3427
3677
3
8460
549
2562
2122
1717
10242
3673
1389
4007
3872
1620
755
3795
4525
899
4625
240
875
8593
5182
7196
1754
5041
256
3520
809
6112
8115
2897
27
4148
105
778
5869
431
4812
3054
8384
5988
2386
7854
2072
5665
952
342
2692
1471
1540
627
469
333
1234
6951
3218
342
1616
706
4566
3429
3369
424
12077
1316
704
813
3183
15048
2404
4168
4227
2655
1203
5141
1602
1653
1114
1787
2581
3504
1055
1946
525
2989
3448
1839
2767
3249
994
1691
6160
1816
47
19002
831
11951
2598
4627
3873
2256
1444
2335
5377
2168
245
8097
208
9411
4822
3004
6600
5967
1335
4709
2520
15779
3995
13986
8787
1981
3215
2966
240
5907
7917
3241
448
4104
2444
3
8410
4
4454
15875
5835
4992
1314
861
6909
7614
8493
2706
6422
3414
325
2578
3015
2724
95
91
5396
426
725
15523
4995
2065
18622
3256
1570
2360
22628
8390
562
3365
215
2047
91
562
883
1038
412
2015
620
3813
5674
11920
262
1433
2255
342
3
1540
1299
11295
67
684
1485
2094
6488
1201
14199
830
4677
1948
3204
8440
2818
16818
4014
2233
3044
240
9326
2318
2334
5094
689
1831
637
8230
503
6251
4265
644
5437
9151
1584
1225
1286
5600
2108
446
130
6759
1437
2960
2449
1288
1366
2187
1422
3551
1487
23623
5354
2841
7145
5278
3085
3427
3042
12146
4224
2100
14279
2620
245
1585
1396
452
2654
8991
2091
3894
547
454
2188
3633
85
464
7497
4526
6871
1616
8825
1613
3035
2814
1129
203
1591
1926
4450
1068
698
1909
5819
5457
1120
5471
181
1174
469
6352
730
122
575
2077
2224
3853
4
8901
1628
4395
4003
1802
6477
943
2967
380
5671
3
7393
1647
1320
1145
4839
9611
2049
695
5327
6422
6403
8156
605
2223
5882
3633
1961
1879
1279
6670
1715
6273
1382
4439
3005
328
19674
2115
4286
2298
3042
4255
3433
1007
2814
976
4211
7039
13285
5070
7003
1762
4947
1258
3778
4978
9551
762
448
16952
276
24199
757
3900
6797
103
318
53
181
1912
4232
1380
3267
4011
2605
2709
2133
2294
4021
10145
1761
2374
3616
3
674
795
1862
703
6611
1471
2126
1846
5385
7255
4156
1664
2055
3655
1982
3849
2953
570
340
3254
4411
2314
2693
1845
1997
5276
10759
3827
3343
7316
1168
1580
73
515
2697
2967
1353
1467
8439
1975
1121
1772
2559
210
224
8323
607
2565
7377
1473
3853
14570
3409
2064
3980
3071
4416
1699
357
196
2507
2203
4521
13799
3342
409
270
6722
236
5594
681
20393
954
4294
5875
565
1079
4322
6350
2700
2077
440
948
3
7357
17943
181
4300
4079
5389
2965
5965
4615
10378
3864
2107
1777
2309
4772
3584
1210
900
4637
27
2837
1099
5414
3422
4089
1242
622
195
3618
9033
5493
653
441
980
1572
1182
3062
1985
4550
13474
671
7889
8638
1754
5673
650
1929
1878
2
1860
4125
4476
1670
298
866
2869
2548
105
358
7361
496
64
13893
3079
1844
1511
4177
743
4876
1864
5834
10200
8871
2441
1865
3443
3756
2397
516
1592
2285
7204
10464
2369
1387
1587
6921
658
1247
3314
943
769
15435
2077
4756
7903
5531
4388
2590
200
5416
1486
4625
13084
3769
2180
500
215
5722
1399
4531
929
14696
4381
9571
4529
1408
1185
1651
3245
9984
7829
7872
2925
4
1067
3671
195
11
2682
5723
4890
4912
1618
1081
11850
46
1202
1565
2044
8075
885
2193
1693
10377
14835
11668
1792
4869
1306
2721
2369
1244
2077
47
3942
14636
1216
5452
2732
322
295
8912
429
1786
130
3929
3528
875
3
918
3225
254
1311
4522
2807
1458
1216
10013
1796
3738
167
4803
437
2175
123
1244
230
9823
5423
4786
1466
3835
331
280
3371
2499
16026
3518
4317
3411
10337
9817
473
3069
527
27
6926
6147
16807
1699
1706
12000
7639
1107
1965
4
15911
2937
3636
19101
5737
21166
4468
4322
4942
2567
2067
11574
1117
316
85
2072
6822
4
3333
5192
1140
5194
4087
6095
4227
2627
1559
3636
6434
2069
1892
9901
1321
4643
2453
3155
6084
9287
1415
3
3
303
2817
6933
1846
17833
6654
1035
2909
5878
2096
9333
38
832
3
2153
269
4873
5548
2192
824
226
8089
9164
1361
30
1532
2711
3979
5920
5368
2105
131
4708
7785
1849
912
79
1315
172
6775
324
10951
8179
344
9682
15396
901
1297
4302
8095
440
4570
2632
695
5356
2515
724
3484
2425
3811
4035
4399
1790
2346
412
342
173
1205
1542
446
1003
1553
3171
2905
6919
8378
6771
5077
3827
5864
2266
729
163
4282
585
448
14781
3742
586
5710
11055
2311
415
1004
115
4775
1782
630
729
279
3332
157
9971
2270
888
5001
1053
2202
2071
27
1222
2016
929
557
1056
87
6274
17017
1459
6827
5382
1785
5277
2650
2495
3279
15988
2882
51
938
499
283
2157
4227
12032
2291
1589
2031
5035
14802
1922
1680
533
814
3913
5467
4816
6651
2856
1761
600
7084
1872
584
10542
2248
2067
1328
4788
390
1028
2750
1250
4664
2955
16049
2196
4062
6088
27
1345
4434
2612
2748
1234
9822
3034
864
3
5546
5046
8733
13948
3131
448
6795
11317
4753
3901
860
509
3673
3
2043
4856
8512
7864
293
13427
3466
2365
2016
3082
3067
4466
3543
2286
2964
5035
4580
1602
2540
3959
1012
8204
1267
1792
3129
1165
5246
394
3126
3236
1467
1185
6846
5290
1371
2096
3265
620
10497
1941
1647
2096
4601
579
2154
2760
3599
3596
4
14545
2598
2130
3696
3928
2264
509
741
465
2479
6996
1907
6324
4743
6824
13486
2751
2183
2503
1490
7212
1543
1389
8764
2851
286
3001
9723
6392
512
2425
3247
532
2883
1232
1042
5504
3331
2052
1342
1118
3240
2711
3905
966
6766
1000
587
1580
3435
1203
1229
1002
1732
15641
5151
1385
1563
2939
3318
7495
2528
399
1927
716
635
10939
4455
11206
2565
20260
2273
738
550
1274
498
130
8528
2304
196
1118
1595
802
5353
342
493
1154
4390
2157
2111
985
273
5793
3466
935
3397
3837
598
152
1053
2500
3310
1251
4614
6399
130
157
5716
3
3045
2
2077
1414
1264
2487
5044
4031
551
9253
287
1623
1538
299
254
1840
771
699
1762
4031
5255
5381
679
2463
771
2522
3864
4
4340
2106
1692
2441
2238
9175
2
11765
1515
2342
448
2238
2288
855
523
4262
5089
296
4816
6112
1171
1203
130
1859
361
1208
2590
1592
3741
2137
3717
2959
5668
1977
6967
732
3715
8525
747
1124
4257
11455
379
4156
2554
2389
2270
4697
1847
12500
3240
2029
1306
3964
4385
238
3414
15833
8069
757
45
1962
840
1901
904
329
17284
3914
5580
9534
2422
487
78
3325
313
3801
8577
4931
1407
14397
3
2553
4852
13670
2341
8553
3988
1874
1531
1983
1387
3142
8410
4021
121
2154
1375
198
3312
973
890
7860
1772
2624
316
5155
216
463
7627
220
2762
612
4
291
3483
5918
7403
375
1340
4405
7535
2448
1284
53
130
1203
4016
620
3900
2721
859
915
2381
1786
4182
2726
180
111
2983
344
4343
441
188
2236
976
7388
1010
3
2
2404
13052
404
3087
2060
173
1691
1915
912
2153
441
6601
3331
3312
9762
7584
4717
282
9722
503
872
3063
12194
1460
9101
1855
342
3824
4337
4100
527
603
2110
3618
2772
2662
1924
3759
2347
5880
72
5118
583
2234
1217
2679
2196
5818
4494
2347
15117
1770
1855
1402
1180
2108
2540
10081
3932
4966
8956
366
6714
4642
6030
5603
1379
1488
8875
857
1706
2510
2874
406
6000
2145
4992
409
3812
5750
551
10322
1892
358
6019
2514
2341
10367
6868
2391
847
4688
1329
2600
1734
2939
265
446
5514
5160
7182
4391
4970
4
2074
1067
806
1719
6011
2832
702
4939
5919
267
11229
6373
2543
2467
1652
342
3
402
486
3790
5000
2119
4323
1927
2896
234
5022
969
366
255
4265
4028
496
5544
543
2938
1933
2089
996
17770
7383
709
1068
1540
880
472
10450
1890
6656
980
3631
4
3422
5101
3
5832
216
1091
37
3974
3351
2663
2431
7107
2528
2274
7521
162
143
2272
2017
2046
330
1731
4135
7258
2077
823
2692
835
16934
3447
2201
4
6438
4310
130
4744
18295
6592
1212
7680
16768
1219
195
564
2053
544
3818
3230
6736
5
2019
1416
1762
3338
10924
2317
1912
6047
6016
2199
3386
883
1378
1351
4086
6356
2791
1770
552
15295
5200
11899
4510
1765
7093
5790
761
79
1250
3421
336
1221
2438
5968
316
838
458
1069
890
3097
2174
5255
1629
23576
1025
1793
1530
5427
366
6553
469
13924
956
2342
669
5424
1083
6459
7624
6751
315
1422
181
1938
4221
14067
1083
3410
13536
14783
3049
4361
2931
3680
3149
2670
8446
1145
5890
4134
9539
3468
864
10199
6309
4813
6885
8225
1303
4134
1992
4474
1855
2388
7679
4278
1032
2695
2697
5473
10329
1796
18555
424
1450
4264
8759
4723
848
2440
11363
2754
6938
3755
4558
2934
1505
212
15336
2999
314
2549
6098
589
1471
610
3039
4422
574
5821
182
2594
249
7684
559
1448
3634
4776
2120
1807
27
3573
4092
11043
4620
8234
12295
2324
4561
4228
1409
1033
3563
2054
2587
1338
5923
1717
1748
1582
4785
247
158
2422
1376
2575
7309
3384
196
2
2002
5244
474
2794
2746
4130
6470
8607
2365
3005
7900
4757
3307
7989
4917
2915
3884
1294
2621
3510
3641
188
1120
3988
641
618
1032
1477
599
1377
2058
2809
2281
13439
12397
5422
1446
6857
5378
2188
342
3
2575
1628
1532
8353
190
3453
11286
1264
2543
3106
2198
5126
1806
524
11212
9362
3846
4504
1374
4712
16
54
1605
1339
4615
4508
5748
1428
301
362
4690
1865
196
4792
11833
4122
3110
1063
1307
2993
4089
5281
1912
1168
4104
2407
3081
389
5591
1432
9890
1548
3820
14809
3011
1972
7535
5302
3218
130
80
1179
651
1180
975
1965
2555
5051
1644
1032
4944
1101
130
4646
2077
2498
480
8636
1213
14
1971
2428
517
15998
3082
18699
1021
1288
1097
5840
412
8127
3329
1134
1919
1811
734
5010
2896
1795
181
1277
4645
4450
1024
3511
4289
9406
2137
7113
1169
634
8882
1802
2235
3899
1839
1732
274
1654
9652
1435
1145
14845
3519
4373
3388
1076
1819
4082
3393
2077
1610
1099
2139
472
125
860
12033
11484
4994
4098
2438
563
1918
914
4007
1056
1615
177
3259
2595
5625
5638
448
181
4506
448
4553
2255
4811
1169
2
4435
2427
413
2588
1391
2747
1071
2158
2940
3958
6983
1754
3732
2464
990
617
6019
3185
1140
1006
3222
3035
2936
2208
4401
6721
9197
5522
186
262
933
5803
3404
3337
772
2624
417
27
181
2213
13564
2929
2944
4231
1949
4386
2008
4622
392
4842
452
692
269
987
5487
9796
5222
1156
526
1983
2733
1894
2352
5572
6500
3949
3698
5732
356
1234
7338
2695
4269
3726
817
2898
2275
3397
489
2420
5122
746
5700
2334
5311
1454
577
1713
14
2827
7639
9120
2095
7617
1457
12074
2217
4719
5443
4221
1455
4094
47
4256
2895
3518
1436
137
2803
5074
51
867
1375
1337
1412
2517
6065
2865
1892
1603
1684
2077
326
1072
843
2492
701
4368
3945
6473
2997
4839
4053
3668
1242
5269
936
2343
937
4169
14345
3673
1324
4507
1753
1178
1752
2182
5169
507
1763
3365
3637
3546
3550
7796
9015
580
4088
6800
1324
3789
10473
438
2077
5356
2540
431
1707
5088
4224
3300
617
7539
1284
1554
4937
3
867
3860
426
1929
3207
4283
538
2162
1417
7101
4872
1100
1874
5567
3260
667
9431
1635
2557
5713
3015
3950
5569
5249
1558
4327
7334
2457
155
98
2145
3733
933
89
955
3612
2702
1471
2083
671
196
1989
4661
26104
11197
11576
5179
130
2416
4153
2564
1946
3305
1297
9904
1443
249
4752
4463
5603
9756
2053
544
2649
2248
18761
1025
258
2876
34
827
1720
6331
599
12315
196
2938
3091
1408
513
1795
1371
2343
2362
130
3957
5827
2028
639
2877
15112
4590
1069
4547
3121
9954
1861
195
27
9075
2019
5275
3515
6881
1974
5685
3803
7730
12154
2243
1659
2856
1896
1073
2353
557
400
19578
5134
2682
1996
1560
1696
2782
6292
2624
2254
5261
281
150
455
2320
180
281
5845
8091
4865
9137
1997
531
3353
2321
817
3225
9573
157
9532
3242
224
202
10174
1738
7102
1049
8408
3
747
6367
3
712
4
240
2332
6624
520
14441
3700
481
2523
1075
5824
2837
3360
3
2647
3599
1796
2483
3138
937
1009
14024
1854
9319
292
5290
1578
1737
2140
4976
1112
961
2141
4444
1667
2949
20175
677
1629
804
7066
1657
3215
10554
1216
1059
1716
158
5089
3520
1025
3409
3134
5715
687
6378
729
2608
4305
5490
3850
967
4773
4259
8949
2700
1818
1874
722
2077
3651
6308
3845
4927
6533
6754
788
769
883
37
3717
855
767
1348
11361
1900
584
1399
7625
919
3797
8167
293
9135
4736
2800
5581
424
3268
677
723
2084
6054
343
1389
10106
17587
811
2169
2429
2429
746
2028
3790
1091
336
2109
10892
2418
1203
4668
2283
3247
13895
1576
1150
10911
1045
1001
1350
3
577
350
119
4318
3743
8434
2652
1244
4714
2908
1269
585
3930
37
1623
22210
8008
10916
3023
5328
1581
1460
6118
9037
83
5098
1584
4809
698
551
17033
9751
80
945
181
5626
2215
3262
2114
4273
2236
27
1885
5359
3609
480
1639
3153
8293
1733
1544
658
7297
4395
13987
195
490
3313
7412
928
2709
7509
6641
6017
2657
2346
5880
7614
301
1677
1741
3079
4454
4544
3132
5180
3713
1191
2688
4241
2385
1044
431
2680
1471
4480
6776
709
4341
2137
19636
4344
1229
3919
2712
667
21572
3605
748
4689
4818
4232
2718
342
1525
10066
1310
1350
2012
2513
5694
1080
5772
2294
1516
6648
5034
18778
3552
7511
1497
20157
620
8985
9567
6216
5508
853
20
5194
1454
1315
578
4102
2732
3695
27
2266
4064
2481
181
5984
5066
2792
6598
5675
2146
1157
2611
5625
1924
48
2135
79
644
1191
6663
212
848
685
1092
27
2
867
962
866
423
5336
1613
3192
1077
4339
1611
3198
48
2324
243
2161
3188
4177
1471
5462
5832
1188
3183
8487
7979
2669
3943
1406
16044
974
1166
5270
4834
524
6973
837
6122
921
4
20594
1885
508
3760
4521
2817
714
1842
519
6624
1702
15637
5354
815
7801
1503
1811
1221
11781
2542
952
1543
3303
1961
713
1806
36
2382
2730
1674
3427
1360
5670
181
3482
6438
285
2221
5226
2742
3350
6143
585
1108
600
5813
1501
3060
1653
873
256
3525
1058
7709
15135
2839
2007
201
2810
1693
5033
2547
865
3387
3240
1636
28
814
141
4817
372
770
4009
183
2434
1877
8356
3730
6229
16151
9407
2041
13651
5829
933
11693
3422
1874
4706
3402
27
740
3172
4662
190
2084
1425
5816
4663
2675
342
643
1344
4697
702
105
7569
8470
290
215
428
1296
3517
2583
2344
3407
740
2190
7128
2453
1515
1973
5666
3782
252
5466
2594
286
8440
2589
4112
2279
5184
270
3630
2912
1428
4122
2363
3
10202
6388
14680
3118
4257
2516
2542
2984
4254
2670
383
1873
3848
3265
207
1080
4610
2667
7284
11676
1936
8167
758
1952
18715
196
4428
1844
14477
5621
2358
317
826
2124
7224
464
897
1471
1566
829
4113
2511
2014
2177
4902
1109
9463
4107
3096
5684
8904
13809
1163
565
2077
4389
3511
335
4
2973
1888
3
551
21465
2926
4156
5365
2558
3490
5113
11316
9549
1014
298
9682
1141
835
1989
2084
575
8206
4509
5320
703
932
1565
5287
3573
9101
6678
6960
2911
1403
9624
3862
181
4979
3492
3245
2609
3711
1050
4777
1099
4972
2704
4202
2563
4204
1173
889
1565
10645
4418
5570
8158
2727
4
4335
2736
17959
1435
1715
3271
5860
2824
14538
1003
20648
2077
2423
4406
460
1860
1801
2859
363
24250
542
2330
3
2099
2083
3546
4076
6585
342
1378
13513
240
155
2267
3862
1430
47
6684
1718
3216
3837
688
3851
1151
4070
27
2888
3133
3574
10009
4964
873
132
6141
1556
5382
863
251
237
1102
104
1209
2515
86
5884
9603
6146
89
2385
1481
4791
1085
5919
13575
3
231
3542
5007
2531
9087
2808
661
3
5222
2878
3
427
2379
364
2967
916
601
554
5478
234
431
342
4107
240
1232
2079
4292
2958
11491
10593
2442
3502
7826
672
1891
511
3047
7128
14312
289
2018
1189
4262
4659
1284
9590
2826
5570
16877
6880
316
2325
2192
9033
3
14450
4895
4734
5567
2123
1644
3
3276
7057
2365
3027
1802
6377
342
5283
4037
2608
4949
83
3405
1285
4399
602
915
2711
3086
272
780
6967
4013
841
1612
1308
483
1674
14573
13703
138
1640
936
2677
8785
2138
1812
3189
121
517
3890
1453
3
4610
3492
4498
192
2714
2857
448
1648
509
2331
755
5312
14233
5748
1474
342
3743
2137
3392
4000
6810
235
215
6701
3584
3907
3820
12757
1148
1577
3811
1408
286
2233
2384
2299
672
5654
933
3
4915
7947
6020
9328
3122
959
3804
1559
16161
130
2696
1262
8985
181
636
1288
2783
1399
1100
330
4846
1937
181
2550
17627
9161
1112
609
2403
15062
6501
4506
277
1038
545
4253
1269
14080
449
11485
488
4625
8754
5875
659
3546
11385
1445
171
2858
2077
610
1557
6759
3408
7161
1230
5902
1734
4636
3
9314
3437
14862
21642
12964
1994
1135
146
1028
2703
921
769
4157
1176
2600
748
3933
590
130
3975
5323
2153
684
1018
24527
1264
15550
821
8286
448
6604
1089
839
635
1695
1733
1309
5068
3587
13808
6058
2990
8695
528
1828
2056
4417
6708
3090
263
3721
322
4092
3754
1916
2382
704
2469
3172
1023
621
1274
1460
2
2160
3035
1915
654
27
1389
1393
342
1354
346
27
215
3111
7433
8825
2613
97
5052
4620
1501
2687
1582
4867
198
804
492
1859
448
6291
4456
6303
7899
1678
1388
838
1304
2007
2526
1348
4998
934
2964
1022
8873
2077
616
4267
4910
4908
2890
10700
793
1172
4
2122
8383
2799
6047
2573
3655
8200
827
1978
3224
3
3
6211
9249
3648
2077
4588
5281
3417
9285
1732
4675
9381
5808
87
9039
7471
648
8045
370
4415
1938
26004
575
4472
1206
4030
7492
2863
7889
482
3851
5273
1899
5573
2565
1420
4364
3077
448
3887
8272
7225
418
1029
2913
7211
3932
1008
1333
727
3021
83
8925
11409
2742
2821
3491
4253
7474
3568
3355
943
2077
2613
354
991
4549
5953
1734
2777
1596
2211
1179
915
2877
4013
280
2585
784
783
5647
3
3610
2868
2793
1093
2
1250
6123
4315
7646
1058
1059
45
1065
344
3137
9357
1071
1219
7345
1419
924
1461
3619
5799
1458
1762
6578
7111
747
280
3834
7249
135
3648
821
718
2584
2290
532
3607
1844
3365
152
5226
1039
7680
1882
954
5526
3696
8965
3
755
352
481
850
2791
181
522
7820
881
388
2852
1697
3
4110
1418
348
3267
2015
203
16995
2978
470
1023
1340
39
6230
4601
333
6002
399
11583
1098
1549
1646
734
1745
1768
10114
3747
6086
3
2337
740
3
2993
5617
27
278
2591
2266
19340
9020
1307
15755
1416
2772
2437
884
3893
215
9210
4266
1994
4375
8419
8520
841
8869
6317
2246
2063
583
2909
189
727
695
2961
130
1616
708
307
130
1496
4193
4600
941
3878
10908
3978
2332
9050
1049
1431
130
5553
1868
408
1713
1766
2575
3031
1065
41
6132
3935
284
2021
9868
999
3038
1255
601
6143
710
3762
900
1777
15258
4
2480
9796
1868
598
1384
6513
5260
972
7009
1443
10954
230
200
1997
933
3239
1875
4153
1219
15407
15291
2916
4395
2654
6415
6613
4141
1266
3420
7954
2600
656
879
8391
1118
1681
1419
781
2174
756
4824
1333
4213
36
1801
662
5453
992
1806
2532
8994
2699
1940
453
1810
68
1071
96
5273
1449
1318
27
342
130
4696
16249
3
7939
6871
3503
1083
141
5699
662
7403
289
699
4856
1768
2436
2698
3520
626
8322
1779
409
11328
3092
4902
6842
2997
2277
1116
1707
1072
3256
5363
6109
691
2755
5463
7008
990
5724
5858
1584
1692
4
1689
3193
130
7299
7986
2056
2733
3133
391
11212
15195
842
466
4425
970
809
1424
1100
8369
291
2249
3812
5611
2082
3
2827
16249
17656
4767
1062
2077
6956
1585
1370
1214
1877
2551
3
1077
3808
1475
538
8148
3563
3873
5284
99
2317
456
27
2454
4033
3998
3816
3352
4274
2077
322
1185
3558
7745
4374
4136
2932
3345
7902
513
5819
456
1068
5061
3222
2031
6067
2298
163
1105
2324
2676
7163
3059
2719
2776
2074
3492
9527
7138
794
9163
630
1119
2118
4708
832
671
7706
4328
1591
4351
14244
4713
6118
1787
3017
479
4162
784
20471
2774
342
14847
6215
5662
1135
2618
650
3002
2223
1987
7056
1750
930
2625
380
740
365
2305
8855
4441
987
1871
851
2755
1289
3635
5584
6453
880
5259
1700
6123
806
4772
497
4110
2134
1149
1537
750
1962
15026
1113
1255
3037
879
232
1443
2483
1217
2827
1612
244
6286
16012
1612
3595
3337
1910
2738
2985
2645
3
7604
2168
641
329
2990
1473
342
7185
4417
925
376
478
1533
2514
4824
2083
14167
130
1186
1047
342
6716
3
6480
593
2
191
870
9542
885
239
3120
481
2116
3721
2154
1350
3382
5704
936
3849
1329
3145
3199
2451
1564
3359
9345
1082
3096
9625
2028
657
2079
29
415
2818
6121
1926
4003
140
2553
4770
3903
1436
5256
8868
2520
1646
130
1995
9574
130
4717
4
4027
797
1600
4822
7540
3499
1434
3687
1802
10850
9259
3977
13096
944
4249
5876
11736
3
4961
80
1420
3386
4405
4773
670
5698
1735
130
2016
5920
2493
7080
379
131
5872
1147
2052
4730
1443
791
3855
2862
7519
5793
571
2077
4015
6048
51
1724
3442
1466
10324
4644
5805
5490
5783
133
2811
4251
8876
344
296
1623
805
31
1985
3978
14038
3196
3232
1800
1259
5519
3502
130
2031
3049
1999
1136
1084
5564
2585
11849
1723
5041
3352
3413
2465
4586
5074
1040
2268
3259
2382
1720
2162
4842
271
1482
1864
1589
5852
716
9427
6984
3776
2064
1840
1045
1025
2029
4199
3648
5213
342
3680
805
3021
939
27
5874
2028
3028
2736
521
364
1245
4849
5410
1916
14900
16763
3024
2704
373
3944
3264
3343
1787
589
1107
1552
151
5669
1363
3797
5456
2698
180
5174
424
3239
4
5755
2970
1382
5362
4200
13233
6134
27
3
1996
6187
5004
7261
202
1400
3
566
1505
3455
27
2976
917
1653
102
4944
5489
8090
10049
173
1797
2474
3415
1953
9774
8244
285
204
7521
8577
297
3125
4664
3517
2462
3359
2324
745
449
14215
23196
9480
2087
338
507
4122
470
964
3474
342
5581
1540
5830
1214
12191
5573
2466
1873
3769
1068
6272
545
1592
3387
5089
282
267
27
7255
6163
1899
3004
7484
2773
973
8662
2180
4869
4144
6262
8079
4581
847
2778
5647
6025
2272
590
1481
8872
4010
2986
7081
1262
896
18667
4398
1442
1476
3165
3629
3805
4435
1774
5367
2506
4194
2643
3066
946
6256
2340
1272
2480
2537
3961
546
491
2027
1061
12745
5689
11258
2700
1304
306
2485
5262
7260
565
6993
459
4949
3096
7532
2295
12964
23
774
7334
1040
6373
192
3543
3706
3
1597
5359
27
170
1048
7646
6123
10892
664
1421
9675
3687
2692
3485
3398
8309
3
1957
681
3575
2886
1903
1141
7184
817
2050
4893
11559
126
18910
9677
16062
4540
4672
1913
2339
1201
3738
452
3534
3062
1831
4907
806
1567
79
1143
2284
5671
9634
3203
1375
3775
608
826
1962
1633
1650
1551
1811
110
6059
4633
4692
6201
514
14016
1865
6347
1273
215
1016
83
1483
1670
2663
553
2024
1056
2112
1362
778
2789
1184
1143
481
417
4254
3694
10205
12581
545
896
4044
57
170
4419
2737
4156
273
62
421
356
2448
489
499
954
8589
787
342
3643
921
487
3014
2212
302
5232
3389
3
607
1524
322
9948
620
332
551
1062
4623
131
4009
1038
1641
7357
997
2640
7268
965
10803
7978
2885
4915
773
3104
1009
973
3085
845
1236
4827
36
2137
3
3737
224
2963
2139
2099
8525
3722
575
1870
9804
11600
3315
1248
8812
217
3093
3604
2212
79
830
4064
4313
5530
2296
3299
7541
264
3458
1338
6698
92
8435
3833
181
341
3378
1305
3107
143
9672
918
11207
2498
4684
1151
660
1572
2683
4119
617
1339
3
7891
1953
3
6367
5188
79
3
1649
13573
1555
879
2287
2710
215
2817
1691
1976
558
4810
8685
1224
603
4245
696
6837
6190
3716
313
4855
3325
16161
2663
1401
1135
2504
554
294
2298
2671
5200
3
1438
1136
7440
3538
1163
2289
1897
6079
2283
2724
171
2103
187
2804
8403
1979
578
1726
6683
81
3495
1140
4892
360
1501
5147
8640
2357
402
1887
373
1160
978
2400
3516
9434
295
5305
513
1954
340
3430
3
7156
819
253
7692
5136
56
5458
3109
1738
2208
2811
1136
5515
461
5123
7550
929
130
1106
2346
2774
3527
324
27
2190
1359
9203
947
108
1559
200
251
4360
730
3849
2474
8850
5611
12692
1603
342
292
22329
10760
1355
3407
170
1351
8482
949
1933
2505
3
3047
5398
6622
5582
6071
6039
2665
637
2158
1030
2665
14322
405
4336
2264
117
509
2033
2291
4106
1289
4214
2616
2533
136
4858
3245
8583
756
1112
4612
195
1773
1136
5298
1032
3169
4508
2334
2746
2487
3218
3374
1572
7642
2357
1679
2595
8123
1730
2066
3231
1987
4120
2662
5434
2855
1286
325
4116
415
650
1360
4567
3128
3489
870
4505
4015
3452
253
2130
2128
2212
6115
1902
6700
865
13497
1345
2698
1699
2333
1066
5651
2674
2929
3
634
8581
6097
5842
6580
5564
789
837
648
5107
968
16832
117
7238
3659
5825
5744
3
4803
4146
768
4291
873
3828
1772
3115
4921
1075
3532
12613
7083
1521
130
7252
2007
16632
1653
1766
2652
4141
43
2446
1918
3338
1932
7901
10317
515
5644
4473
1967
533
14488
5859
2077
3064
1980
1209
7640
474
1368
1868
2361
2
3120
4679
5890
836
8097
3140
643
968
461
2135
557
2870
5705
1671
732
2087
3106
3925
8219
4157
1443
274
8631
504
9974
1861
2281
9950
5012
1779
4984
121
2175
799
160
423
45
416
808
1396
478
2256
3114
1220
8581
4399
3
2624
1089
1877
732
4857
3606
4297
906
5204
3412
7845
2474
275
333
4048
3168
7897
3839
2501
9866
2527
4546
4451
3798
16502
342
1956
607
5860
4650
1638
79
89
3353
963
652
11083
4961
24513
11912
1950
5072
1371
875
3106
6225
2077
23704
4151
969
4817
930
2209
1062
1443
1986
505
8288
296
7245
4328
1170
2769
1169
1942
3338
4745
3002
6157
816
5054
3318
65
1539
958
250
15087
5375
837
3148
2893
5901
1391
2229
2943
273
671
2904
181
4787
2350
11200
582
2077
3942
3358
773
5397
3718
850
6335
473
1979
5067
80
1945
5377
599
1263
2296
1860
1543
1389
4862
6497
8813
7872
2264
8958
1564
2885
1207
2174
453
1281
782
3618
1784
9854
4044
1821
7262
2298
5276
292
318
6379
976
1076
2191
4714
93
4384
6357
2689
14981
9096
2720
849
3
867
6363
1373
448
3209
1147
4283
8799
1244
10396
1803
8950
658
758
5559
301
1339
2721
1478
7942
71
3917
1218
2477
1589
1390
3650
23509
9003
329
1966
76
4787
981
2149
1932
16
4921
970
58
986
1612
1355
669
5986
1732
4225
1866
813
9202
2012
2324
975
467
3806
1534
1191
3732
2567
5158
2316
5338
2804
6074
4816
4669
1410
8409
1038
3330
2184
461
1958
4512
5199
159
3830
9084
6784
188
8453
3
3140
5916
4596
3
2051
8068
1445
6899
10789
1180
3421
3547
240
341
2915
2108
6538
2544
4045
12666
3159
519
3402
8132
6464
436
2196
2187
3944
2528
3278
297
342
1026
2697
15154
6052
1003
1043
6815
4006
3266
1381
130
10019
6078
4757
764
2888
2000
1269
1230
5521
812
4511
2156
277
6093
4805
3664
7140
2869
381
4215
4446
1157
6147
2913
1592
3118
577
587
2804
3418
3270
6980
1711
3701
2200
2605
272
3240
7571
1197
4115
4763
6330
313
6022
15775
2527
79
1848
1924
313
7914
9940
10433
2587
1500
177
6936
2773
27
1628
3799
3255
3810
3477
2579
5647
405
1013
4865
9373
27
965
13639
2101
3389
4514
9539
2329
2497
831
1934
1632
1930
401
1599
5259
3543
6543
8947
5015
82
1540
8404
1535
1001
11198
1637
5018
3219
512
16986
2398
683
371
283
1791
99
1809
10347
4987
17638
1860
14389
1583
2425
2505
1479
1113
701
1123
6903
680
5812
260
1835
1363
691
533
2464
3241
5276
2598
2801
1404
2794
1091
207
7632
3877
6422
984
2387
1108
702
499
1627
2975
2798
2279
2200
834
606
6097
590
5627
1229
2710
9674
3467
1126
6453
184
2446
8878
2475
3633
1273
4990
5409
2718
3279
3038
3742
943
3584
791
1681
1193
4636
9649
3071
4462
1745
586
4351
6852
4277
3278
2750
4294
2608
7185
2748
7209
2192
4381
3609
5375
428
1225
7134
834
5883
624
1011
811
1449
1394
696
8172
4484
4137
306
791
15368
978
3236
2111
395
5576
1703
9206
27
2535
1448
1118
342
2650
923
451
4650
7688
2281
4104
2652
6983
1700
2160
1472
1160
7693
5228
6752
4070
4174
2996
8530
5598
9927
5938
211
1211
1470
440
1019
79
443
7071
3331
1929
2625
2808
5388
380
1056
3241
524
1104
7286
3394
2163
5337
2475
1994
23367
8284
8331
5386
14519
4565
694
2228
2797
8879
419
5118
7449
1849
1475
2916
758
2437
4951
3569
1630
318
10316
6994
1877
2455
6943
12611
258
2642
6678
448
914
41
3087
270
4254
1225
2390
1007
782
6447
493
1781
4386
585
5172
3964
181
9723
1193
1687
5236
2151
9569
6740
749
8373
2269
10004
2497
1171
6855
2237
3
1812
538
203
2782
4769
5774
4110
4408
3182
1975
4473
3333
2548
6547
5060
6933
4680
1701
6984
823
1081
5369
1649
2241
7130
10363
3640
350
2279
537
2190
2511
655
289
11736
7777
5797
629
8535
7090
27
6833
2356
2629
3492
4127
7614
3592
6290
4830
10620
3700
2809
603
27
3229
5351
3790
5106
2955
2042
1865
5554
1380
5990
267
18106
634
1339
16930
7504
6011
280
3365
497
8018
7769
136
1470
4056
26351
1995
6848
7614
2150
9117
14988
379
543
2587
7193
427
5344
7815
1442
4204
4167
646
1409
2567
3816
2018
823
791
3396
10020
138
4102
3205
437
360
3
722
245
6718
3695
1566
4137
3390
7733
242
5111
3044
7089
