642
1377
1733
7307
2176
1237
4625
371
320
1095
2417
20
4317
938
1990
6135
236
1056
386
3082
4838
4252
157
4215
1563
960
1809
1447
3472
3145
4033
4798
1597
2456
11781
7258
1264
398
4342
3949
4995
1103
922
530
1370
4013
1316
669
767
2537
910
1230
10608
206
4931
2311
3000
549
1285
1205
6314
2168
83
4884
1735
908
4958
2861
1005
678
2248
2663
534
1490
2362
6719
111
1844
1549
1262
2286
864
3633
899
2703
2768
160
639
232
3495
8361
1865
1566
5149
1017
298
2181
1327
3349
965
2109
1391
436
1111
1302
2610
1670
835
2058
2151
3256
4270
5647
1264
2862
1968
149
96
922
445
2208
4474
63
870
1893
1614
4011
8540
3081
3719
820
3611
395
15
3117
18
4247
6257
4797
4570
2304
1218
1869
891
1975
118
382
864
1054
12523
3037
1414
26
49
315
1677
421
6882
610
5749
998
7452
3046
2976
1413
1819
166
2799
499
133
733
198
5768
324
2428
1735
405
4212
2026
661
5170
2400
151
621
2539
1058
2128
1991
1214
1238
2608
5611
5469
3135
858
2884
1189
38
2063
3043
81
895
27
3757
613
218
7799
1865
8512
1479
53
3864
1175
2454
1248
7317
423
6731
6812
1314
368
3243
6845
545
2278
41
1734
5452
128
1717
1411
231
2209
109
5460
53
1483
858
660
170
750
5794
2640
94
939
197
1757
163
789
2544
2421
2384
3525
5657
2131
1222
650
3093
193
28
8262
5
83
2644
1770
1523
423
1685
20
2650
2056
677
2171
1919
2747
377
2241
111
533
122
1356
692
578
826
49
3297
532
3237
12
140
288
959
1457
566
153
266
1200
1267
456
1090
846
3069
1543
1772
3827
1274
5804
952
262
4076
652
2218
630
189
1667
5492
1035
1572
2093
817
204
928
821
3108
970
2202
158
134
2221
1751
409
19
859
12
14
3395
17
2310
191
2215
5204
137
2453
216
1610
286
696
1456
3209
4628
797
1507
1896
2959
3009
1108
1253
3496
1678
1065
1751
88
942
198
28
3214
6744
1187
472
4246
276
268
5483
944
4043
881
3154
3948
3506
5321
7742
300
3003
1875
1944
2259
84
227
19
3659
274
7226
1238
3482
2430
152
419
1989
1039
837
8897
75
800
1533
14
6318
984
916
39
1902
1159
615
1041
359
5606
7435
6575
968
2921
2232
101
4507
260
340
504
749
4764
1403
916
609
4986
2407
1982
6104
1765
2970
2650
772
4492
56
223
1663
2574
493
1674
8504
5232
367
1025
1793
2236
482
846
226
4926
2907
212
2042
1250
1211
1846
1043
2240
5390
244
134
10982
3292
562
412
345
720
621
1729
712
6164
2729
1696
1971
9798
370
375
235
5069
338
3699
2594
4539
1315
435
1111
3988
2895
316
1052
327
820
853
296
664
1194
119
1768
2638
1947
88
2106
17
836
932
789
50
113
10
4158
163
326
2382
4212
123
283
1469
820
2500
937
1307
37
1332
3121
19
474
4407
2624
3259
618
941
621
62
1959
326
2771
1006
1914
1022
2159
2998
1455
356
21
4232
3611
2457
600
150
707
1510
251
2096
597
3660
5313
4169
2332
254
1055
1306
1097
2287
4515
1831
1125
404
4580
954
10102
880
802
4892
211
17
5931
1376
1317
2577
1364
7831
3472
75
175
8211
837
2900
3524
1624
8832
251
2334
2294
1402
911
98
3791
578
6262
3257
2380
4651
300
156
1280
938
3141
3062
1681
3535
4041
941
1354
1431
115
4306
1096
91
3086
1091
2026
1114
10706
695
541
4918
5697
4391
1491
1199
1719
279
2619
1824
2350
1917
3950
2233
856
5579
5794
1002
874
1385
287
621
4107
285
3010
489
3531
3135
1747
1833
16
693
2103
3704
1026
1479
144
163
342
2193
2702
27
5956
1646
1492
214
12824
5432
1961
55
2080
2651
3609
4698
4769
1581
7836
3002
2937
1469
2819
717
1062
1979
2692
528
12
717
730
2488
1026
3131
5113
1219
942
897
2188
13
2551
258
5150
2008
295
1414
1435
1028
918
1622
5008
563
13188
28
1828
142
1108
178
28
779
397
493
15170
3480
526
299
692
480
1259
2357
2572
3353
3282
3417
6570
426
10222
2530
2142
1712
2552
730
236
2536
861
946
707
9194
2806
1299
459
460
1546
814
814
3880
1630
2846
3771
37
644
866
4174
2557
2582
1047
800
3552
526
1140
4921
1543
1039
144
47
2286
1031
414
389
412
1247
7
911
1377
4274
2787
2748
531
2744
1854
2187
63
563
247
2372
1769
146
230
1541
2461
4253
342
114
1192
1336
3558
459
319
245
62
829
1023
301
3525
3365
869
1395
3036
396
3333
1780
6335
1125
182
1504
1057
1178
13
4474
2070
130
2249
588
1760
838
160
925
124
615
436
513
903
6116
187
1320
5142
781
2188
337
3637
89
5346
2170
1954
4435
1635
1577
3417
9605
2233
1819
835
3280
434
1170
1403
654
4628
2892
987
3918
2380
3389
883
3817
1940
273
3518
4691
4319
887
596
3652
1952
7004
10882
37
1145
22
9
3074
1148
1810
4177
1113
4408
1010
534
637
2199
1252
330
517
1694
860
7974
1763
7
1635
4522
2474
1230
785
2231
2422
144
1568
36
716
435
4583
816
639
695
215
3049
1816
69
1020
1236
689
500
813
2167
3681
3606
1844
1736
197
1112
1046
899
2918
919
1109
500
2197
5408
588
1760
412
96
2485
3791
6256
1372
874
2195
2686
2186
37
5009
2610
2497
2574
1733
333
1284
2207
1019
1220
940
556
2924
2382
2125
14
2620
747
1617
1929
712
2230
4846
3721
1632
1380
1322
3502
798
541
213
1273
2729
2527
48
1603
529
4810
419
1683
4157
2012
4402
13
6114
920
3776
2888
11262
2121
583
5289
1346
592
1451
1200
254
19
1541
2268
3447
698
567
417
41
1807
1774
976
697
5939
1017
8036
654
836
2501
52
2963
2340
5
1195
1145
2715
2093
2077
5550
2555
1689
3056
6136
1558
725
172
1184
758
3044
42
2026
254
232
417
176
128
8373
2847
1719
2293
178
1279
5455
1279
2883
4378
1858
5630
3350
579
2709
2614
1977
588
99
1022
1667
1737
779
1168
1198
638
6039
2232
569
1838
3436
39
9182
43
4378
2587
117
2072
703
1145
692
653
276
3837
1684
339
169
794
1710
294
647
660
230
977
315
799
3841
3082
2615
252
1858
41
608
259
761
1241
363
1117
1094
1256
1180
6957
2039
278
6892
485
2055
5656
2463
1896
2041
4911
2614
79
696
430
3150
424
22
2832
172
2362
1437
3469
1779
6415
1643
5840
27
2118
854
2189
1438
235
2811
68
712
1205
163
2789
206
397
3123
3038
272
1931
3254
4621
4840
2832
900
961
307
443
2254
23
1354
3129
6507
2833
835
267
6712
5789
3418
157
1564
14
2821
342
1818
2339
1111
1163
5927
1824
746
1261
3655
1082
2154
737
9938
179
1087
3180
2865
3116
3244
3627
3388
5102
945
3571
141
243
757
11173
482
1971
5205
6499
2238
1632
1254
133
823
946
642
6714
1141
294
32
243
612
210
2450
2183
85
5153
1133
6784
2891
2669
1048
911
63
2027
1120
263
2806
918
3889
3043
354
4288
24
2755
358
1280
547
2804
204
3536
104
5074
1814
348
2472
153
840
227
276
1963
1088
513
2969
810
1979
9024
363
67
4218
1008
1445
1596
48
3599
4249
1267
3697
1462
884
2095
241
672
9
2115
868
1890
1239
1387
2134
2441
64
1319
1147
1879
45
713
644
724
393
3370
10074
423
2891
1407
2115
569
2621
2821
834
3150
247
1966
423
3225
905
1716
937
8050
352
289
3364
5549
2980
260
5952
188
3493
5873
1226
2223
3899
1959
1443
153
1167
3414
3588
3590
1616
1715
265
158
922
631
5618
1968
5293
5827
1685
302
70
1195
2578
707
423
135
32
691
2216
187
7694
468
11
1819
1024
81
3673
6533
808
397
21
674
913
1943
26
1594
22
1477
22
2105
5984
4581
3186
3596
1837
1063
106
797
9360
52
1770
1021
2424
5384
5115
1252
1286
2048
360
3086
1477
114
462
712
387
1505
1342
1635
250
1631
58
428
6613
2685
107
174
3558
875
113
1095
566
4148
33
1644
805
1068
608
3620
2186
1120
106
375
3625
294
2990
966
9422
2193
2669
1028
1222
1850
31
1579
526
1871
722
29
467
1068
344
1530
6884
2147
3810
6
5972
3610
3459
1384
244
1934
2448
1893
448
185
2028
80
2038
1708
2742
2173
4739
141
575
2028
12
1107
4672
4926
1488
3323
714
4757
7568
852
374
1134
156
781
589
3198
7595
3896
1382
1731
10
573
1632
6686
1012
67
2692
4507
1795
835
2356
2902
2125
8394
1721
2308
88
4639
742
2617
3097
1673
1095
900
794
3268
1975
445
346
2558
2431
2477
59
718
67
1592
7076
234
2560
233
6297
30
798
659
4851
908
1601
4826
220
517
1701
417
395
2465
6347
3896
1035
3762
3553
885
863
2067
3351
2476
48
9625
4453
1078
3263
5885
3253
535
2227
4186
20
1854
6335
1053
396
28
7
1812
436
3760
299
136
253
1954
3148
392
843
2385
136
3859
2405
3552
3936
2168
3070
290
1136
4226
12391
1420
1648
926
2666
292
3693
437
1575
3562
1771
3009
1382
4688
712
2464
1626
799
3288
1125
2355
3184
474
3279
936
675
5164
7096
1097
12
241
13
1655
25
1049
3201
2387
493
5712
3741
1733
2004
8745
3231
1304
5623
5873
589
1113
6989
189
1515
2618
1320
41
413
211
2915
1188
8250
2828
613
2838
2250
1005
2265
465
1077
4645
1526
4851
549
4934
1894
744
533
813
104
186
785
2177
1691
729
988
566
2040
2518
4712
508
365
70
368
368
175
1206
1503
255
255
326
576
10556
2170
1344
5107
642
694
4430
157
3581
5327
1934
120
437
633
783
1083
647
40
124
5909
3123
679
1518
1019
5077
1423
2644
1270
5073
55
514
751
25
4470
1133
3068
3677
31
1490
43
1237
2754
2372
270
792
2015
264
1975
4504
1368
1329
4496
446
2547
484
306
80
3394
2227
6332
301
1864
2177
105
725
163
1118
5654
1447
1425
776
422
2960
1434
915
234
5334
3980
2572
725
2032
1169
912
2196
4717
737
5430
3265
600
446
2055
87
470
2702
968
377
674
9
130
309
5523
210
1001
2051
104
95
2932
8055
1447
2514
3275
2589
2708
677
2111
1203
1460
6234
20
2033
3454
230
1809
1105
1877
3110
892
47
3941
70
710
137
2501
4356
35
2842
2644
3475
9383
2332
28
818
2104
15
1534
33
8449
409
2442
961
2905
4076
10
4125
794
1139
557
3776
710
2174
1343
1057
6131
1967
318
208
1166
622
1430
545
536
3849
10715
1657
702
988
6184
4583
225
4569
875
638
1648
3609
1254
3549
84
658
2683
223
3087
547
960
13008
1079
1882
3931
799
568
8368
467
117
2475
116
434
190
2284
853
2010
10891
4481
970
2513
2539
1348
44
6369
270
463
3745
671
418
1717
1366
438
403
2813
5909
7176
1238
1024
2370
3260
4168
1731
276
4448
902
2180
3349
417
437
627
1229
2476
2896
1586
381
3155
1318
2666
2195
2248
1284
4338
3309
183
2541
600
119
921
96
2038
4759
3042
1202
255
2580
4528
1640
2973
2191
1601
145
317
1727
672
6061
663
136
2110
5737
866
737
649
312
619
476
424
7437
2317
463
4011
2251
354
366
1411
2448
79
105
777
1396
58
4620
782
2792
750
599
5938
3241
6010
9467
1641
23
140
535
6339
3541
1335
6859
1381
2625
4312
972
4661
1376
736
596
13
1153
651
2020
781
5679
1500
213
1260
597
174
1255
416
4053
435
870
512
1987
2601
975
4203
460
1156
2876
408
480
2299
4286
339
1173
1070
3231
1710
246
467
1806
2518
5033
604
196
4058
2069
7919
331
5713
3860
4290
3461
580
948
1096
5664
312
512
85
364
220
1056
388
1178
2476
268
5394
1461
941
2401
824
1393
2039
5287
51
5292
3099
1814
1278
460
561
271
1752
1266
247
3612
716
1145
1851
2859
480
2551
7896
675
944
1374
531
2058
1830
1468
793
437
173
361
4191
733
843
1991
9216
251
3091
7058
6575
4073
159
2488
3030
318
665
2698
100
1213
9062
1106
1578
1348
166
1177
2743
2376
298
699
570
792
967
517
367
1599
1097
4459
305
1201
3474
1151
204
5
3495
2463
37
1962
11
30
1264
3094
1255
1180
4125
2052
1040
1970
4275
2827
2478
123
7302
5580
5051
369
3377
14
4489
1133
1412
2833
1292
15
2543
879
1748
555
55
2792
1201
884
1845
3446
3036
733
961
1540
1245
33
385
661
931
770
635
20
3192
7
975
3615
3971
342
1582
4809
2332
5532
2230
2096
1002
428
1766
4760
3051
2451
8716
2450
188
9755
1084
2611
2266
2703
722
1557
1242
1113
3692
2455
416
2246
1658
980
4981
3868
441
1634
1079
1056
5961
3252
1588
1285
4159
2332
19
4959
1074
3717
984
8210
468
1463
9418
1577
1739
873
10429
729
185
918
538
478
5113
1776
4443
734
758
1404
2654
1244
26
358
797
2694
2854
478
1365
1744
3430
2608
593
839
3550
2234
412
2036
4187
538
365
217
989
351
1230
2819
2973
808
1893
1821
9954
277
1682
1318
1682
191
1262
2605
5471
5171
441
2869
578
1826
2683
2719
1821
900
4509
1836
1318
377
277
27
3386
2167
1473
3490
841
25
4835
439
878
3548
251
1973
3918
2829
2578
3853
1452
3104
2339
1194
66
3894
278
1859
4048
500
87
197
4700
12
1938
149
1351
527
1459
4729
819
1087
1193
279
227
10637
18
2138
1534
335
1847
3321
8375
3586
1762
1868
976
994
199
6461
3968
4274
1664
1654
4092
1180
1577
4908
167
2415
3632
991
1550
651
5859
1243
674
1035
1017
702
1670
140
414
864
1163
61
751
218
2429
2592
96
9
1937
3614
304
11
1244
3830
4713
3553
1513
3437
2963
2167
1963
602
3910
114
1248
1720
1359
5139
1838
1217
5126
3391
6651
90
2089
1078
266
628
3260
754
244
2610
2673
1470
3884
529
454
1711
293
140
1316
1390
1209
3944
3427
811
1522
1388
465
1947
4045
203
100
1660
792
4408
99
2337
3769
2167
1044
1617
7844
1009
1417
2708
2496
2561
754
5202
306
151
4620
3296
132
6451
3025
1524
72
648
5
4201
2592
225
242
6386
639
1657
5043
410
2205
1058
2708
1541
392
511
1073
3316
5389
96
383
536
4249
3300
1613
191
2645
3710
6830
1185
1009
456
4355
4645
740
2273
113
327
367
2833
1308
732
3563
4813
3976
352
127
5671
4414
2130
3146
417
97
8851
389
2276
2658
3633
5951
1224
5693
407
7644
3061
2542
9521
1836
791
279
2436
120
4936
3538
2503
486
438
322
535
1251
402
10206
2533
1584
592
35
278
3818
1390
573
3791
44
1113
44
171
6034
19
159
3009
764
723
1767
2542
2248
441
695
1714
197
1275
5519
2998
1595
1334
3530
5432
2630
5355
14
4048
1380
3082
137
4703
3514
2023
54
659
8230
1775
1505
397
2733
603
84
953
1644
355
4905
17
2052
246
1689
454
1057
4107
4664
1991
862
2763
2506
3363
3279
1301
497
143
3421
1666
1961
1287
1550
1477
2067
398
593
724
2495
483
2717
2658
8
184
67
1124
7616
5035
2917
2058
368
1303
1083
1977
789
106
2700
3311
950
95
302
2265
610
1484
2232
22
832
979
264
5082
184
486
2748
723
5570
2297
1309
4261
909
190
4211
3208
2431
3348
2540
4265
2681
1697
1704
2421
239
5078
891
2468
1800
805
1334
3683
983
91
3712
271
2142
1320
320
2378
1498
2978
86
1676
774
2800
23
71
213
3761
955
748
872
1192
2260
1703
6209
848
3285
2231
417
1721
969
3077
1979
5292
873
7255
581
6
473
737
627
5972
441
734
644
7977
1772
2192
1845
121
431
383
760
596
2221
374
1182
1422
69
2610
8988
2420
274
895
1446
157
1613
999
315
1535
895
1900
2134
338
982
5335
251
1391
1608
611
4417
776
239
1962
5994
4217
1022
608
5492
9
2292
49
828
804
1999
4473
1800
3056
190
717
663
566
1503
1336
3978
1120
698
7671
3767
23
2501
3054
676
5986
1268
6487
7182
3946
4396
121
7930
2183
1907
3581
2129
923
634
3581
23
480
1908
177
2458
3000
497
6785
84
379
1943
1777
2645
1293
1345
2792
1951
755
3912
2299
182
472
1731
674
177
790
6215
565
633
1565
2786
3181
1221
2959
646
6464
6802
1520
1869
422
2100
6519
1549
1949
2941
1770
5483
5638
5
9256
2755
4919
3362
827
1481
15
1489
5166
3204
1050
1748
341
106
1670
2431
1029
247
949
311
1950
3977
3458
14
3565
1845
438
2083
1364
12
2404
4119
1042
684
406
4278
352
675
3169
869
2049
720
2236
4596
1984
1883
101
680
439
1714
815
3226
5769
693
2500
1436
2029
4627
7154
1643
13
129
1805
2633
741
5483
560
2583
438
717
2526
1518
2871
286
589
4812
1331
2922
2486
2419
337
888
470
4976
122
278
2294
1871
268
23
1569
421
513
87
490
8970
227
2143
4966
799
697
114
1419
978
2185
1749
3695
15
1082
759
1019
1811
1997
3057
4615
245
311
5512
943
1709
8845
2217
1826
548
3644
9720
938
131
540
2737
861
377
6903
630
3897
4478
5061
5117
9331
6144
495
509
1114
1275
1318
830
93
977
1616
2424
322
35
1958
31
758
2580
266
320
329
2221
908
1772
1336
1472
593
1701
1617
778
1430
2709
10
4871
99
828
74
2198
1226
1209
1618
1478
1580
879
2913
317
517
974
22
6415
3898
1073
2445
943
1114
1022
4877
2557
2481
368
7369
2173
2736
11
1780
676
3100
2415
7782
881
112
522
301
2366
364
241
1804
5196
2191
2054
1684
2540
1499
1883
1386
1947
1829
4720
1239
148
448
6904
803
3053
2341
3828
449
7640
5451
459
1213
482
2177
365
178
917
928
740
502
794
4163
5348
4858
842
5388
705
1084
5053
5291
9098
13
470
144
359
797
796
619
1813
1343
2797
2081
1109
2143
224
2145
686
639
1612
2304
226
6494
10
634
1443
1061
3232
2510
978
739
4881
2418
657
4805
2456
1675
540
46
740
2042
507
1272
2346
5285
528
3617
1109
2299
2955
297
95
3230
1691
1408
1926
1730
3120
1814
1832
741
4371
1318
1074
3508
827
314
20
1067
1997
435
974
277
15
1904
3781
1011
3762
1136
874
956
384
279
544
461
917
525
6286
5602
931
401
3525
1939
428
488
2475
1703
5659
924
985
320
410
2568
773
8333
2515
4310
2012
683
105
1446
431
1187
783
2609
327
299
1081
2180
1202
2743
1088
2022
686
2458
262
4522
1669
1054
2198
800
4977
494
1465
4077
2088
2013
367
1888
1343
2142
474
979
340
513
756
820
9061
1872
2065
1139
1943
1742
3216
717
1479
9853
9641
3153
142
884
3236
3353
7299
1706
1308
360
9
3747
199
1815
385
1070
3103
7048
840
10
171
3778
3642
693
3774
1160
695
721
725
6379
2002
11945
2733
5649
1476
188
1590
282
364
6991
2635
3470
5829
3128
874
1860
4195
3064
102
57
389
13836
672
1464
715
686
5178
3021
219
1485
720
7746
284
14
11
14
781
23
2608
12870
34
581
4011
4113
3551
1302
3850
302
7838
3756
1327
1705
2610
3067
855
50
463
3665
1756
1367
8597
1228
151
1308
180
846
1650
6079
584
2575
3290
686
2001
4830
1812
2009
537
1769
4672
221
1542
188
2603
2514
387
174
2782
935
3374
143
3465
1426
1514
542
936
5473
718
3664
368
2256
1410
147
4260
63
2108
1087
5056
1102
3163
510
8201
1666
295
926
12
574
583
3257
978
828
545
1460
977
961
929
4729
240
2008
1590
3908
742
3664
14000
1564
339
342
2067
4283
92
2157
722
384
278
1105
4477
2188
439
2306
598
4906
4221
1015
3040
266
1080
3650
3389
2787
804
947
464
6067
99
620
1508
1194
14511
1886
1006
2988
416
304
1432
658
485
157
59
2532
183
3759
806
266
2931
1889
1092
282
1229
6474
772
4032
149
1703
585
7736
2358
922
1298
980
1384
449
1512
3656
2586
1333
3721
1014
617
900
2914
1710
1251
765
223
8924
605
76
3376
15
1093
3152
5110
2666
3487
858
5052
2508
3072
217
6563
1171
5076
687
1584
1007
985
2988
2401
8510
126
136
983
1452
1420
1846
16344
381
3100
4084
2724
2593
401
1448
3876
204
1942
1679
6834
107
4307
521
230
874
2000
429
948
234
2993
2679
195
771
2036
2787
220
8148
276
2071
1963
2519
566
94
896
212
21
1090
358
1953
209
5173
4471
913
386
1917
1151
2577
65
5057
877
1238
564
20
160
222
2049
1230
2038
4815
3124
7172
9761
24
1124
582
120
1962
532
5846
7515
5262
690
5964
2599
715
169
3178
599
636
336
38
8079
1537
565
4053
255
2805
15
10
760
4505
5238
81
2613
756
4183
438
1550
1180
533
3647
4177
8975
228
4619
5678
1421
2942
746
2325
1598
1097
1062
3610
1147
4
1206
6725
1446
3158
1816
2030
964
1514
1050
1738
1895
17
2532
1239
134
413
324
255
385
291
280
2320
3541
1289
1535
939
5222
445
1611
1035
3399
86
330
47
15
399
2110
767
79
2299
1371
3178
1149
2051
3231
358
610
3477
893
986
82
157
12195
3402
606
961
888
106
101
666
435
1340
2212
2639
135
946
2554
38
3343
958
509
575
2910
3285
811
2670
138
1864
1028
3921
8
1995
2121
3127
1567
1196
2343
2782
165
2256
850
68
2567
2739
666
6186
8102
3685
80
1048
3447
21
362
681
1912
1682
2112
306
1052
741
184
2047
1297
3335
1591
3629
1363
1376
4547
196
11
3048
16
251
1195
3608
1386
695
1094
420
1526
2834
897
183
2148
601
2081
1575
4350
511
1803
17977
2311
4135
657
3151
294
6382
11050
981
322
1376
2246
244
291
12614
1813
203
2318
7846
37
270
4683
7698
6133
1194
1762
2934
21
6431
7840
238
4782
4081
1386
2730
1467
2513
1410
5487
3180
7112
759
149
6862
2719
1914
1529
80
103
129
360
1339
56
1175
5319
5521
1971
2184
936
2087
931
970
749
10627
6053
2874
735
2848
1764
1648
5178
881
1354
1638
158
850
1633
2245
2745
2381
1655
1685
664
2328
2469
813
5981
3617
121
767
90
1159
480
5276
583
2306
603
4963
672
1534
283
4159
4189
702
299
4952
199
3512
3226
163
3284
1696
725
110
2609
3375
224
1328
3814
2156
7146
1539
4342
5203
2403
2263
9246
4264
4966
284
1783
5117
4767
2274
240
1843
611
683
1446
1315
3031
561
1452
2877
1502
1040
1468
1020
450
1385
540
870
5406
2332
94
831
2030
1008
930
6139
15
317
5408
4618
3727
408
166
542
22
915
6572
1115
5538
3019
6965
1208
79
922
3255
1150
949
1674
2353
9
1909
2903
12
947
375
1567
132
2014
1413
698
11
2398
1376
406
1263
2178
311
3043
431
2901
1190
1817
40
1006
3799
14
59
3309
241
4155
2779
1066
1738
2809
797
6119
422
389
6772
7928
224
290
2283
6664
1079
754
312
2674
4044
3605
100
2217
1310
2874
281
881
3537
618
1641
304
114
13950
3409
2056
1203
162
1271
1239
3126
6365
2057
3132
100
70
270
908
607
1507
829
5138
1499
1564
115
2878
1340
428
2631
1315
1893
3442
1513
1061
4608
2153
398
22
1222
3100
528
300
148
300
2965
641
630
2094
3097
1601
1161
702
464
9
1582
1370
25
7133
1214
436
86
3470
1378
7222
5028
8275
1252
3859
1072
5362
591
1093
6352
1630
733
226
155
90
1476
2766
1310
2918
1103
3965
71
3113
289
485
665
1829
4949
244
1700
439
1139
184
1385
2429
379
3284
682
93
472
285
3177
3130
295
22
308
2917
4676
4131
211
2747
4495
2286
422
2880
2704
1471
14
348
518
450
618
11
4151
2711
1264
116
1269
1011
3162
904
6053
3458
708
442
124
114
1232
492
3335
118
2454
2205
268
546
792
554
2029
355
541
352
807
2371
153
6708
15
782
5247
2266
1337
2688
3175
954
785
16
4746
401
10565
1600
2442
324
369
1826
1037
4284
1719
2325
5081
41
2492
285
4533
2791
2485
1838
648
4392
2782
63
441
962
4436
1332
1806
15
1557
2614
1231
253
3307
2790
6695
1704
8
1498
428
698
278
1793
1618
8476
1012
1578
1566
4520
1273
49
2074
681
4914
9755
788
234
1167
282
846
2233
1035
206
952
1352
6244
522
1263
704
77
107
1112
1339
1342
2071
1528
1748
481
161
1460
2877
1085
270
2568
348
318
840
2664
1138
1646
49
894
5784
517
5591
5703
2005
831
744
885
259
6455
3921
3725
1402
2164
4215
711
2083
2602
724
854
3358
1185
1382
1173
1105
583
6
494
1352
1635
1186
7966
891
17
451
5048
1323
2126
2364
1620
338
243
507
835
3180
1127
2877
109
1039
638
254
26
1695
387
3335
5319
267
2388
6365
1842
220
5315
1594
4729
1149
10
1042
935
10110
2044
6940
3290
5972
633
11635
2001
662
2849
1330
5123
3596
1502
981
512
1289
1295
10
3133
1306
1001
771
591
7978
708
2344
1584
112
6143
518
251
2698
4392
1533
256
153
4661
416
747
391
690
2808
1829
2173
546
2564
5365
2349
4762
531
546
6814
7234
965
2492
828
669
8405
50
3455
6975
3213
1750
5777
534
2694
117
2293
4079
514
5672
1023
1153
8997
831
1897
3081
3307
2269
3871
559
2648
1729
3104
4688
2579
1056
95
677
4279
1176
685
1359
12
1135
1646
309
2222
131
5429
5547
587
9
1411
667
4694
61
1328
800
693
3429
5485
2575
15814
1552
1533
2614
2186
423
811
7418
3450
4270
1546
1468
5792
2870
1210
120
800
2425
1957
3034
3343
4403
2216
733
568
5122
850
261
460
1267
27
2134
163
23
593
131
1173
2859
97
3838
110
5757
775
2086
5578
2986
1789
471
594
820
189
36
1246
1017
325
1028
3380
1644
201
1966
2020
1373
6515
908
3238
1164
1110
2286
3133
1419
1041
6799
1251
3118
1161
1034
5752
968
5485
1412
4146
1426
3666
3509
4956
5919
1001
2142
700
1202
24
3682
1721
1932
2627
17
4600
197
598
444
2621
412
977
256
170
2773
305
1616
3025
235
129
788
1359
870
165
903
7980
5270
3466
256
1718
1714
6107
6281
824
3552
1956
3495
790
957
101
5022
17
1944
2297
3002
1821
5743
1473
243
2184
633
2788
1892
8430
1763
2577
1669
1871
150
1847
682
66
1141
300
841
626
751
371
1702
4187
1525
2243
1397
3982
3631
3627
4926
5503
25
4175
235
1517
1284
2354
250
323
3456
50
3082
10110
3643
1514
3477
7061
2649
8
1867
595
297
1892
631
2614
5744
5598
31
882
7224
8244
4467
2218
2938
4083
2834
1370
212
19
1718
62
348
2900
4125
634
11
1114
5264
1265
6395
3064
603
838
1987
848
62
1025
1656
368
585
7
575
308
12
628
2458
682
657
2128
7370
3357
1400
128
2368
155
1241
390
203
1265
1011
5281
97
1650
7022
91
88
3111
806
1497
1005
325
2483
3120
1801
824
1439
35
2120
604
520
1487
1459
3803
134
1857
4173
1099
4831
3633
1181
637
2359
966
1860
4303
166
2207
790
1708
1656
1290
6554
313
865
1797
945
1559
959
171
5032
2632
3445
25
261
2086
5301
2165
2675
26
438
1375
3800
1704
645
832
1031
1080
321
132
1114
2480
2907
216
2369
266
625
1959
9116
6376
507
423
3328
311
19
2064
3348
1334
185
1337
5794
19
3086
4204
1290
3458
10585
2725
573
37
1805
3313
8171
783
3597
4860
355
66
1864
62
2641
1106
731
769
1888
1379
5372
132
353
1798
7075
5575
2841
3265
37
594
6196
4339
545
3373
2280
1267
22
360
3898
2303
1555
863
2694
1892
1189
231
799
1220
238
671
236
4516
2586
6345
1127
2568
1573
390
2512
421
401
3966
4677
386
769
1090
268
4082
1657
1456
7206
2031
538
5695
58
15
1653
23
129
3003
460
4129
56
1815
27
3280
1066
2654
450
2055
3904
3906
3816
1835
6654
1461
961
3113
7636
961
1352
5417
817
6529
60
2335
4480
2906
2050
7033
645
1434
4879
4327
301
2650
1243
1732
6372
836
1786
9
450
1332
859
404
539
4157
530
6501
2733
1507
2513
559
3372
16
66
3722
1498
3330
1553
4867
137
860
862
2773
8675
1629
67
2190
1306
2583
1180
1054
2134
2131
3368
163
3675
190
2403
4983
6805
1317
311
6523
841
613
3809
8537
51
3367
5221
466
1483
5892
1455
4535
15
2898
115
4163
827
582
1356
1959
33
2070
1329
7
881
5543
883
1429
4677
1887
673
2307
104
600
331
4545
203
1392
1865
1455
1382
1052
2251
1909
4880
771
60
1381
1095
11553
1037
112
540
693
17
5500
3764
577
1879
735
2567
6278
3162
86
2217
2816
2306
1159
489
515
793
969
2465
5149
728
996
4953
2531
929
2137
546
5986
182
4744
908
1276
3122
318
570
1687
2536
2114
18
3755
825
67
5678
3914
31
2923
267
6100
1612
3194
586
6307
260
1879
170
3430
3377
4261
8609
566
269
1381
1337
1973
3380
1215
1372
2231
2418
345
1471
2375
640
4273
9
2015
3969
5697
548
4072
2198
812
1555
221
1598
2219
9
3192
406
1757
1006
3167
414
991
2195
401
2312
868
9037
1641
1884
3153
615
2451
501
4640
776
5122
1555
250
1245
5391
866
2437
4675
477
3589
900
919
11
6279
1979
244
585
123
511
352
1887
1678
1347
4708
1591
934
1110
5970
1851
900
694
745
1243
4965
4591
264
1066
412
4203
5311
3203
1986
808
46
1002
928
300
1558
3568
1845
84
3160
3670
1760
1897
1996
155
501
1258
163
2103
2305
3313
3167
832
5502
111
202
2996
2870
2134
216
827
2754
1351
149
918
7574
106
125
476
637
1781
1718
2793
58
2377
1516
301
64
825
4116
2893
1431
2220
749
2345
3463
6308
33
2139
813
3192
218
1528
1335
22
573
1414
1207
1967
393
2623
777
920
816
4572
804
827
1726
5108
99
1044
2150
264
2174
2357
3324
4518
7719
299
227
437
3883
50
3009
174
3586
534
312
7138
4705
3015
5213
1220
1569
1294
2388
470
1745
924
893
3806
1227
1153
843
1165
610
2566
3022
3223
2090
167
6232
236
762
3292
26
2851
6265
3199
5039
2334
557
3137
460
1386
62
880
1636
150
2248
11
4585
2548
1181
49
25
55
1780
2617
5216
37
3384
7181
1831
3789
2141
2481
1341
3385
3502
3404
1517
1975
710
7784
2924
1126
3369
11552
5937
953
617
3239
705
2521
1004
496
1127
2618
2022
211
236
1564
3214
1798
1496
3927
1306
246
8787
654
1547
8345
2850
273
274
125
309
3162
4205
2816
5057
3166
1755
4133
1331
1137
2128
1995
416
370
1455
1347
1208
332
794
1101
1027
2014
868
3473
6535
1512
875
2290
1576
8829
2353
50
1685
283
5706
3313
382
1360
3517
422
2876
1966
1180
2997
3090
444
2213
71
9
394
3534
513
1452
308
3094
14881
857
1076
1169
1461
981
2219
686
1282
256
2470
3122
887
128
918
1364
435
239
331
2488
1238
103
894
2801
482
5029
966
3512
1295
1357
901
24
983
310
670
1619
1002
1718
4959
2461
2188
4340
28
2753
433
3432
1629
1806
3771
888
1849
1436
2344
1055
1051
1653
1283
2013
3987
138
2627
184
2107
393
23
1586
1823
311
1167
1225
12
568
3347
542
5196
3325
544
343
1278
11
3602
989
177
23
1570
7709
2221
2277
1351
674
158
466
773
1291
7844
1522
485
2996
653
4630
705
2671
2174
311
2078
2034
3435
6155
2285
3082
3650
119
5766
720
4218
2209
12902
1415
1644
106
2049
818
169
18
1872
1679
1530
822
1852
5280
6451
5316
2526
1378
875
8176
181
188
9680
1763
3255
2182
1509
6936
358
3243
788
8
337
42
2528
81
4260
668
59
1352
4324
1379
617
1113
881
1397
5289
2824
905
532
1227
1051
69
2578
519
1125
661
229
3316
228
291
14400
1981
1569
1628
1696
491
177
1356
708
149
657
5434
3878
1724
4366
384
42
885
5085
349
1456
533
581
723
470
682
3613
3680
1343
1873
1248
583
909
936
1106
201
355
1475
4735
1013
7476
4967
2076
1442
3607
6698
2205
2626
6465
2141
1389
1037
1265
116
200
4275
1296
1710
119
1620
393
2241
8652
2295
5413
1778
4292
1392
811
1389
5277
8229
33
2918
1911
4564
1524
4723
291
10539
4434
1840
580
3415
6235
12
91
2737
2696
1243
77
1310
4096
2505
1657
314
1429
787
1714
1836
1595
5728
31
8794
166
142
985
6093
1073
568
1296
1297
1405
3894
522
1087
1916
1737
8224
289
164
2155
15
72
3639
4554
4617
1574
1272
1477
1028
1939
1150
1940
444
365
28
7011
947
1230
3926
1345
7166
176
143
4155
10609
1954
2100
3132
1668
2049
1519
17
666
2657
2566
3055
6504
1977
184
5810
1083
258
8702
569
1978
2172
4154
958
3644
483
2902
3109
1351
7730
511
2333
4946
772
1308
3562
1196
1594
19
23
1586
4
2477
1554
265
5289
1402
1023
1671
1928
7369
1444
1554
391
321
4882
1074
2370
223
2501
3007
1897
142
1685
2815
1526
5161
761
1404
1759
2597
2483
731
228
240
1412
27
207
215
246
7855
133
597
6781
329
5545
3291
170
7187
7987
18
1349
52
724
141
2402
2183
5098
1002
442
270
489
1276
296
5741
1354
438
3665
852
224
768
493
353
1337
271
74
273
135
552
10396
1210
5346
2829
7279
166
274
649
1127
6845
1484
4578
2507
7
1745
47
1234
3380
1691
634
6
694
1276
4256
1647
4320
5164
2108
1150
37
2664
202
646
2200
6457
356
1025
5039
463
10385
305
2921
3391
764
4258
121
4678
1597
246
2952
321
24
764
3478
3218
2547
517
3360
2691
329
5747
1373
8288
4953
566
162
855
5265
1118
1708
3469
1007
253
1148
125
1577
1791
658
278
5400
3986
1116
673
498
1639
881
293
988
663
489
591
36
2661
1547
880
1336
5605
5829
325
298
4133
36
1565
1931
2382
911
4887
2775
2692
393
991
692
892
4242
1388
4773
947
3653
1422
2878
1796
1015
1977
4037
5366
64
4590
1160
799
1422
3539
1107
1448
2267
323
2673
1483
997
1053
5056
832
3137
1488
6800
6264
862
127
2620
43
7674
4541
17
971
1891
2559
8854
8614
1092
462
1028
1107
8199
2329
1377
2630
4960
1197
1929
708
2666
7108
1746
7728
2656
2587
866
6003
2037
1055
2096
2710
274
330
3084
2073
25
75
254
2073
1160
1225
1649
792
2082
2724
2150
2225
2236
3991
537
2090
1370
3932
16
1177
6106
1444
1982
2757
1724
2167
3406
2752
1597
791
7284
382
7037
2044
1116
730
1662
3243
2067
586
599
1460
4602
662
1581
144
173
5301
1730
20
1577
932
48
844
504
5234
1090
502
608
1490
5462
1498
1766
2922
261
3364
66
1423
2769
4365
3619
5761
6051
2610
65
1421
1000
678
230
1324
1203
204
1073
2402
2109
83
2460
1605
1116
543
226
756
3753
303
4927
2828
2481
2530
2117
5366
1231
10275
1195
9093
3176
484
217
2553
206
14
1258
1976
3213
2734
1555
4575
2225
680
5511
1604
79
618
248
2844
2684
2470
923
2203
307
1912
2523
3121
12863
4375
4737
6075
80
17
3928
216
4471
898
58
1427
3079
2004
5
5398
307
93
664
3878
371
588
1914
350
3111
177
663
4972
4994
3104
2894
1581
2579
2325
1475
461
19
2026
589
5296
743
7
1528
93
2234
3296
2756
2920
6809
847
4322
443
2168
597
8650
2389
775
1254
2217
552
4554
140
13
1185
1193
4354
300
1092
1434
274
3365
120
3470
1266
282
5518
6253
1548
4400
3795
1311
3593
904
184
518
1179
521
3115
157
292
3011
1308
3775
1192
4414
1415
6997
1335
33
1225
2427
3102
629
85
3287
306
1150
9747
1336
6802
4810
1382
396
29
926
541
6488
2502
106
636
584
357
257
4761
10
169
3602
193
932
2478
1306
1486
6965
1885
544
1535
1051
5166
1489
1380
14
712
4062
3521
2748
274
4506
674
576
248
314
853
286
178
1189
562
3986
917
1639
378
4057
4280
13
381
760
1886
9629
2684
980
1611
445
4302
498
1243
5270
544
2263
690
13
1317
3608
3770
2606
3353
480
1658
1281
27
1300
9
3917
375
1455
481
4235
1901
2151
847
1161
3663
266
532
2294
643
3568
689
3647
3492
1204
34
3228
4662
1164
576
1502
393
262
5701
7336
5560
760
1801
2861
162
2740
321
3323
950
165
5171
148
2141
372
7636
122
4890
1531
4561
5535
4176
511
1351
6143
6754
1600
485
3397
910
3358
1313
586
2885
1936
249
1430
3901
7222
331
2745
1184
636
2522
1730
275
632
1357
1766
111
141
7426
420
4362
1227
1481
3729
1869
360
20
334
285
95
1128
1403
1058
4471
831
5489
24
1987
2503
1497
510
54
187
1301
4619
766
3818
149
1857
670
838
903
2706
1275
8947
628
2148
811
2930
150
179
962
222
320
107
1717
6660
1020
2936
599
46
967
2461
3720
951
6723
2243
1501
7
2539
190
8023
776
279
1817
321
119
1032
174
750
375
721
7397
723
674
229
276
1525
537
807
1182
4071
8023
412
5358
6963
386
8
3323
2410
2772
2564
961
392
8200
2339
1191
1082
8689
1285
1570
284
1369
2414
728
1471
3477
7460
1706
342
2653
1429
268
398
2226
1963
1715
3200
490
2791
5898
212
6965
5475
367
10
4620
2288
3597
3409
2590
3866
2234
1886
3151
32
2423
2466
1742
1900
5896
9673
746
764
111
3408
2418
722
76
6228
1419
3194
3680
7800
1602
865
6565
791
663
769
1305
2351
1831
1908
399
1267
867
3919
271
1505
651
3152
21
629
1810
3651
1188
3301
514
1808
12895
5344
3409
1078
5496
2565
1165
4966
375
960
3694
802
5594
575
2137
182
2620
237
1212
1311
2201
1248
45
412
437
1059
1962
961
877
1893
1209
3311
1041
152
143
192
2440
996
663
46
328
251
469
352
1436
4285
243
584
498
1013
2088
2538
1014
5195
2557
3229
4653
1465
894
1208
1771
352
564
401
43
5551
3969
228
2631
73
4086
9207
620
6495
5816
383
2433
2984
1655
3076
3640
1234
7312
1726
1801
1526
4752
1841
626
3481
529
5535
685
803
385
4668
649
786
1198
950
2501
5633
796
1229
2260
196
1026
1451
522
128
403
177
2846
556
344
151
3681
3464
908
1948
28
1364
530
16
3683
210
165
1204
1518
4486
312
2218
1211
2435
51
5578
309
1689
803
1910
1835
4584
2911
941
296
4751
1200
803
6016
3315
574
1666
5917
360
6260
2418
1880
833
2358
2711
874
18
1147
1371
1884
419
282
2629
5243
2344
856
400
1217
626
23
949
171
1448
3683
1994
746
732
2487
2272
1001
29
1849
3726
4864
1081
1152
1870
5750
5410
579
1049
123
572
7817
1972
796
1704
3964
6
3138
905
2032
3845
5296
821
12
1343
1437
1687
637
2778
4118
389
1973
5200
699
1645
2630
457
4766
3154
108
302
2511
1301
1049
7382
546
2938
599
3818
4599
1908
4375
5265
2359
6891
92
478
2933
1293
53
29
257
1569
4404
569
122
25
1847
874
549
2212
3988
1353
4733
901
709
2482
1052
18
1278
34
10176
2459
20
147
6029
9348
1498
2752
369
5859
1278
508
29
2551
1606
2958
2201
2681
13827
5360
1679
295
1470
4279
157
1777
220
240
1757
1539
4556
735
1876
2097
1587
8988
14
3993
409
1087
4318
378
640
7493
672
538
391
3686
1516
2062
4163
627
1672
2189
188
468
58
186
919
2257
1733
1510
5019
5181
723
153
246
7077
8111
1476
923
19
257
1011
4789
5999
3877
691
293
2615
9636
120
701
3854
2639
7056
4106
563
513
310
2497
161
9668
379
1223
5795
1838
1615
1399
1883
1752
3259
1126
172
1490
1461
1756
95
1475
49
254
4462
373
5298
5185
1821
1170
1171
778
4169
395
393
671
1630
977
324
1525
2188
3683
7
987
2737
1517
1070
4145
4376
243
8233
989
642
240
2152
1229
1232
13
1512
215
8497
1166
1614
867
2292
797
1397
4253
859
144
11438
1450
1208
492
614
719
1497
8
1153
1216
881
1227
8371
2006
2579
2323
5981
257
3191
1078
3461
2056
3377
2575
147
498
459
1168
258
1420
1553
521
1617
1434
505
623
978
2128
30
857
3103
2893
1947
3830
1222
1629
6109
3151
287
251
291
2199
1119
1367
1541
3616
225
1139
3571
3836
12
2427
1298
1447
7039
2362
48
554
19
1249
9736
1976
723
4103
4404
4003
2273
909
5556
6
1407
1603
415
1979
5591
474
2162
155
592
1171
5
247
1484
501
2464
2487
1351
1028
130
2899
2303
242
233
959
1038
4008
2625
3466
388
2821
211
1477
780
2001
688
568
6449
286
8426
926
354
165
2369
634
293
2109
2985
3587
691
869
11986
1421
2293
3027
1555
1467
1236
10633
315
1948
972
3092
6033
1942
572
654
6903
10
277
2625
2727
860
185
718
968
1030
1476
1955
473
1153
3691
2167
3793
933
1352
3402
4427
333
1004
12
938
1576
2047
1292
946
3415
2395
107
61
5978
547
32
1027
1497
3725
1120
1727
564
7756
737
231
2636
2770
4972
454
286
1236
2233
63
2440
2754
40
87
341
4130
2346
1018
2390
600
735
300
1967
6444
1976
1095
10218
1864
67
766
3232
1433
7584
6885
1982
136
5020
17
325
661
2342
2417
773
1154
822
36
597
1108
3425
741
6874
1144
784
954
1469
5338
3145
1837
36
2271
299
1324
1318
6272
3289
3602
2632
315
1515
2336
1470
99
2211
1545
190
1459
5290
10342
483
593
4334
111
64
938
33
473
1484
13
330
582
2602
2076
541
3342
1179
2344
3578
1956
465
3636
1918
1812
2274
605
419
8495
624
1630
20
934
1696
157
8146
916
4133
829
1157
1059
1343
15
3757
126
886
893
3349
3688
2624
2322
4454
1177
2137
1639
1296
445
336
251
4773
1413
7
2073
63
1617
413
4050
4747
7710
3415
1823
1628
1763
3477
4035
312
131
4044
635
69
4421
1058
3891
1198
30
887
512
2988
208
24
2064
15
1771
3188
339
3127
39
1384
5363
3544
875
970
2052
4719
748
267
4983
11
7553
607
6087
3314
8717
10329
2691
3869
3826
700
109
306
916
6400
8761
1356
1611
945
2706
145
724
66
1584
116
992
2628
9873
1148
1708
6298
449
4163
1621
694
202
2036
564
84
750
62
2276
2690
3192
3528
660
3321
2643
232
85
1881
291
1923
2749
1527
1748
165
4280
2514
3525
1466
4337
3484
183
1018
3279
139
864
354
268
2773
2642
914
224
520
247
3347
3663
3527
1743
10394
1325
5320
2454
2916
1199
358
803
1260
1543
1924
1246
4566
306
69
957
1179
2086
7425
2142
4552
1751
1131
4104
250
7302
1352
312
530
1255
3899
3743
810
1190
29
2510
2992
2270
515
3883
938
760
2127
17
86
165
2064
2154
4529
242
2057
41
3938
5303
509
263
7646
42
766
1364
615
3917
3500
3373
19
2600
4684
1595
840
1084
522
2771
3168
1354
805
2624
5011
2424
1126
786
2070
414
2146
4852
4167
1464
4658
666
1743
2196
350
1156
2592
1095
4686
1186
4107
2011
69
2900
698
3391
5914
304
1004
931
679
6886
3553
587
4241
8849
4549
769
641
4280
2453
1837
3105
2559
3091
3554
3265
414
325
5694
2315
3433
335
8967
4922
2768
1718
4785
1082
2530
2444
32
4426
454
2297
863
2199
971
635
1126
68
456
4131
1597
14
757
1661
413
4742
3486
629
47
556
1039
2442
3279
20
1235
730
628
329
1517
946
1453
196
1160
1074
1169
4159
3256
788
11
645
201
186
31
2319
58
226
3064
2362
396
2722
2821
5131
92
1368
2520
5259
3085
3959
1004
82
4596
820
3346
2407
4876
452
699
1619
109
2134
1385
1308
692
609
719
4712
2741
330
5058
1570
435
421
41
7068
3371
444
488
581
112
758
2139
3940
2800
122
948
16
406
2332
289
5949
3402
2163
112
911
321
140
1723
1429
206
100
4869
530
766
1943
1951
1612
3586
955
241
160
1584
3196
904
2985
137
351
322
31
5027
40
790
498
2953
133
13749
557
3324
3260
1396
1815
2522
113
3030
7475
663
2320
3509
1569
5899
504
606
4329
3561
1694
1167
294
4355
2371
3016
3863
1444
261
227
12940
2491
792
2816
1232
4862
2416
184
117
1466
1183
5078
116
1940
1378
2505
542
1164
217
225
396
440
3559
2697
5412
5619
4488
2977
5989
3830
986
18
1078
4589
619
1163
754
1181
610
1568
1204
1421
496
3676
1088
84
1163
8707
1535
164
38
7577
1129
887
3712
210
2130
257
1683
1333
2575
307
21
149
2122
2153
585
469
2049
2142
3569
502
12
689
1265
94
868
2273
948
441
775
896
2872
1206
104
3581
1238
103
3309
842
999
97
658
2918
3389
2320
5926
3661
749
2066
370
7089
1646
3785
369
2912
462
1751
1658
5716
3996
4043
1027
25
472
5946
516
1662
3164
149
1148
1854
927
567
616
3129
4380
1796
536
532
3631
1111
2153
1084
1928
2766
1533
325
966
553
6589
726
3527
10504
400
568
1398
76
1216
1566
2049
505
1619
417
2929
1498
4436
7
1181
175
3295
3591
1987
2227
1002
453
5421
679
109
40
2067
114
427
2704
2120
2685
2159
290
1952
6344
890
422
2350
587
613
3314
2664
49
2276
2025
6434
152
3473
5378
3442
695
4546
4463
2346
3078
1669
552
2675
417
163
983
2247
188
3290
4789
1636
4885
4539
2123
2336
883
478
264
298
401
1952
428
566
1750
6538
793
5137
906
2458
2453
249
3626
20
2371
2331
6715
3023
3487
2561
5025
3480
1948
1514
1255
2748
5744
15078
723
128
1272
984
540
3601
12
1246
260
361
723
2772
1816
6066
3108
236
1700
2275
4480
1297
565
551
7087
3089
1173
368
135
1867
1342
661
410
5488
2494
3981
1289
111
441
2258
696
2715
2046
647
1125
53
1062
1327
1885
3166
253
580
945
3577
729
394
365
1175
512
1913
1998
98
2487
7193
164
3416
1097
397
2036
3226
16
759
1505
5859
1249
3036
703
117
1034
1039
3826
467
2927
381
2154
1145
1773
212
2093
2223
1971
870
101
1645
2386
5775
321
1735
7991
3151
4127
1361
457
1694
4876
4423
1698
3835
181
2490
61
2484
942
617
1270
11
92
196
5172
719
5010
235
462
445
401
475
766
7153
1173
409
2199
997
255
326
749
18
377
4049
1349
5746
898
1938
650
606
4596
1653
3177
1559
1236
298
3773
3053
1084
1539
594
667
1700
1995
164
986
101
1370
8303
4831
6604
3608
352
2470
727
136
44
1230
1090
3834
427
3151
187
5946
1309
1319
1036
5472
5407
1208
2723
1263
1557
3094
4348
778
4927
549
1413
2382
1080
275
171
268
2985
1408
1293
2481
2745
4999
150
1301
1872
2168
1950
9166
4221
901
4245
5234
3943
3209
569
1861
22
867
9641
160
152
4654
226
10
6866
4356
512
6883
3080
4802
1956
461
731
793
2268
626
3960
1522
1889
1926
5062
1028
4303
2772
88
3221
1476
403
889
1949
817
301
303
286
1384
811
943
6917
4
27
791
367
8807
692
3295
805
3402
5396
1921
1694
458
4512
5997
238
296
2867
1093
5729
632
2457
591
967
4727
341
1463
7
646
2601
5002
137
8710
1339
54
1616
2237
5792
732
678
6676
666
430
1394
3339
2799
3680
3927
22
573
367
2093
823
298
393
1394
101
574
2031
158
702
1550
543
563
1618
2611
897
1360
2320
99
4624
1017
2181
2688
315
4765
326
4505
2436
1286
2010
6485
4582
1421
2022
4337
2971
3465
2425
908
1591
513
3921
5590
433
9173
1552
1752
1095
2079
950
2095
1028
15
485
1406
32
1933
4811
3219
5982
2411
1481
1128
522
966
1939
735
762
3994
855
2797
4021
4436
1450
8612
2854
5668
4315
2198
5940
2673
1245
82
386
626
741
339
816
7402
1050
3773
528
153
2491
5380
10727
292
43
201
1931
884
3780
13
3104
1059
8585
49
1556
3608
4587
132
87
3438
12
7985
3497
2033
666
119
3617
184
3867
1605
2945
1053
7332
2164
2846
1572
300
27
2752
1128
94
572
2259
317
2102
3744
2273
3291
3218
3310
1099
1114
2489
1321
7799
375
7462
928
1170
3781
7170
2994
334
4627
3215
1720
2892
3194
2182
1218
734
188
1397
45
3356
1960
330
1847
5339
7848
2554
595
3355
3362
2838
687
867
15203
1539
2602
3294
187
297
5372
2734
1842
3790
251
9
10
2915
693
67
1849
4339
205
2752
1905
2921
684
84
4413
6245
1388
326
209
2579
4282
213
1681
757
472
1704
3084
1251
991
581
1345
5104
57
1135
403
1195
2757
19
108
247
980
2321
92
1996
2108
6387
724
4614
2063
25
1823
4485
4107
612
4469
832
605
92
759
1815
1652
36
2916
2320
1960
4512
7494
723
326
1431
189
974
3780
5035
2312
254
517
7263
1051
1360
2999
2031
8117
3128
419
1908
56
2175
254
3007
949
1919
3875
332
948
338
31
8202
5734
67
594
782
4298
1019
894
1371
1375
18
322
848
25
1366
3895
2111
1324
645
2606
1554
4568
1737
1137
710
4189
5035
592
9240
1202
4182
1651
613
3985
409
20
2818
3772
26
1576
511
738
1777
462
1619
614
2948
426
7732
2723
176
2334
14
50
1114
1029
6140
21
1483
134
1360
164
721
1422
2679
1607
1673
192
3374
29
634
1368
2142
764
1069
516
2059
3348
2338
1165
1160
634
46
3386
2203
14091
513
717
267
1198
6788
5384
4719
2074
1551
1593
5716
165
53
261
2902
4439
938
12806
5342
57
2874
1399
6782
301
1704
891
186
2522
287
360
25
9902
1095
1004
837
2828
1272
2374
609
1743
1216
754
4859
665
1333
647
3940
2687
175
4996
41
1028
2495
3738
1974
362
927
566
596
1011
2819
2949
593
13165
2159
4510
4997
4008
201
1222
496
2227
2481
1404
900
4284
2066
63
1672
1441
2196
989
758
371
923
1471
1867
586
1229
1994
2126
2756
1770
2150
2111
1071
270
413
1173
3980
2172
2446
181
307
2790
719
2538
831
3452
1596
3019
1252
1691
2848
1322
3340
397
1985
483
7873
8526
5620
211
2228
4317
556
871
1017
1969
3484
1639
1916
1652
750
668
2470
1213
585
881
5771
841
2601
6619
437
867
3423
4148
2035
9
2258
955
1663
152
2570
3678
649
686
284
471
1151
10062
953
4330
47
134
478
6671
4519
3821
356
3766
2495
878
1134
445
973
2925
1129
2790
11921
1172
763
2935
601
225
774
120
642
3649
1774
1408
226
1461
791
2342
246
383
523
383
1138
3330
833
2777
6563
1486
1383
1494
703
1892
7617
3281
5205
224
317
1328
5541
1577
2623
230
509
50
858
5145
3813
2837
1539
1571
1959
516
740
1786
4906
8375
3839
1406
1119
1594
2768
329
5273
1306
1229
3730
2137
2579
1601
1738
267
54
1453
183
194
3106
595
1128
1170
1485
6009
995
1772
475
2320
3130
402
52
1195
1305
1793
7190
911
932
640
777
1442
1720
561
2308
1104
3235
945
780
1382
891
3079
15
616
4191
4770
5415
1672
927
6105
1182
3799
441
254
1114
6549
489
1323
212
2315
880
6217
1964
2380
246
890
1692
2120
452
353
371
6821
1624
30
7
1781
1464
6172
692
48
1672
3193
267
2939
301
1985
1149
1123
2824
503
3113
711
790
367
875
1163
2048
1521
86
2879
3176
1155
2998
819
1848
610
810
1434
3287
3897
2674
3663
354
298
9755
2910
1554
8309
112
1437
201
3275
2566
760
952
2682
132
2177
757
121
5030
16
925
5493
4239
1426
2828
2355
1981
1690
2864
372
625
42
5120
1175
238
7577
4216
1209
2918
7873
57
1204
5754
2680
1386
2276
1967
1196
248
1792
249
1839
971
473
1787
1918
3623
2402
6546
4268
2891
1717
98
183
2288
458
486
8226
2477
32
964
1133
1584
458
674
3146
541
2519
1073
1921
1751
978
239
809
4098
11244
2074
3281
3398
759
910
1044
1179
2031
2240
656
173
383
1525
1359
402
222
184
1711
18
3095
47
1785
954
980
1286
5165
653
185
2711
1230
2607
2306
592
1851
43
1023
1236
592
4686
2627
20
6410
534
32
1265
3133
657
1463
2545
3301
2326
9942
34
5927
1778
253
613
7424
6677
768
789
3143
4366
3107
8639
854
616
1364
43
2291
68
4694
3050
4201
1094
2490
321
3613
287
230
3030
1554
781
202
1875
3658
994
1203
246
897
3886
2572
652
2776
2401
704
1618
3253
2614
2862
1676
1354
1116
6598
9471
528
4305
3740
663
1971
2180
5928
1729
2160
1118
3485
701
492
1569
4207
569
1449
2027
1338
2492
1316
5246
3779
435
251
2038
290
2742
501
3510
5065
3605
14
2407
184
1779
2810
701
1157
1624
15
1657
2104
3105
1413
1580
246
1468
4084
291
1159
748
488
1493
11
6240
60
12
285
1325
1236
1164
1558
2777
723
3181
4826
3219
1412
1269
1100
1325
1293
1278
395
15
20
2421
129
3023
218
911
4452
2593
1532
485
5758
3001
261
4268
2626
67
4972
2453
1310
2956
1429
1591
1120
4470
606
267
1884
635
487
55
1494
1521
365
4701
1330
2054
1170
1124
2449
624
1197
4980
4743
1777
8400
810
1712
1987
2396
7085
1580
3826
4498
642
945
3734
455
2276
6118
1684
715
639
423
2039
9042
2924
2399
2341
3174
5440
444
2297
2146
2633
385
8162
6774
1992
291
2020
10514
1477
1202
1870
6886
204
613
4034
6265
1994
3106
280
3586
1162
2377
1243
1160
23
290
4850
1771
3936
732
154
59
276
1214
851
317
12598
1516
951
1646
721
2072
1629
34
1273
7672
1333
2233
23
1047
134
1466
1898
701
671
437
74
1200
6564
1077
24
2242
454
1616
12831
2113
2328
419
4759
825
1715
607
559
1016
4022
970
2291
488
370
263
7984
716
344
1773
2328
1429
773
341
502
1021
10168
2412
6028
127
2261
3205
1735
499
834
697
1667
1070
352
2741
956
3836
1352
939
635
5094
179
3372
834
1041
1223
1966
265
3433
3090
288
2010
466
3759
3075
57
848
2951
5047
996
2297
1488
2249
2754
2995
1515
1632
639
6320
3713
965
1767
1191
1144
539
1760
564
428
309
4009
6491
1104
3217
2095
1979
8
3290
5475
2317
23
4381
5816
1316
526
5
244
498
3116
6430
1884
1572
873
461
1757
1769
20
1369
2311
1654
1480
2858
933
1687
2515
2615
1321
1078
13
10527
653
1868
535
3933
777
2742
542
2666
3105
2317
1043
3544
3077
2260
1900
40
2578
384
1222
381
2493
103
312
113
54
1889
3882
5631
311
675
1548
3309
610
4181
240
7334
837
817
1646
15
785
2991
426
1135
996
250
1323
486
1121
155
4372
46
15
4188
3871
1615
128
418
279
1716
2333
46
4724
1574
2957
4311
1086
7830
1424
637
2268
909
391
1102
4108
5623
3475
1584
6161
1496
2790
757
82
2823
1585
1362
1441
567
4441
1604
2598
2468
1082
2466
1045
2474
172
3307
655
4000
152
497
354
3253
3299
4117
406
1836
10184
642
1302
3637
2232
7656
1022
1165
1565
3769
2312
774
5121
149
6347
1273
2333
4396
3372
184
2696
475
4646
1691
1868
1703
3053
995
289
4802
4722
2624
1354
4429
914
240
5550
23
1131
2306
2075
1400
693
1679
857
5250
5916
5661
35
8373
1010
5888
5876
16
316
4377
2047
1095
16
5873
3609
1238
1708
6086
340
1234
6100
2281
1393
243
3287
278
3958
2881
1548
74
154
4514
11054
9701
87
5110
4408
5080
98
4700
1004
1208
1675
3249
302
904
611
2659
1508
8679
999
197
1832
1319
2638
1352
9
2287
18
6678
610
4447
1639
4869
33
3057
724
3255
1640
2193
626
1554
325
46
2202
3643
1150
1631
243
12892
1319
847
1173
909
1318
713
6328
2755
888
1809
1363
901
690
8735
643
546
274
5295
