30
187
31
347
307
465
52
341
320
123
36
89
232
335
71
153
243
167
35
371
20
343
166
194
610
173
278
161
46
62
87
21
479
84
153
257
95
304
62
500
106
270
100
44
344
111
61
199
168
43
234
175
485
106
516
76
299
173
172
128
36
105
277
51
370
276
22
107
364
66
466
144
400
210
486
39
762
100
165
524
272
100
150
322
368
62
95
61
66
133
195
226
116
311
50
75
82
144
174
81
150
47
567
210
112
152
233
270
186
126
795
287
12
51
158
249
17
207
260
52
295
297
158
112
171
79
144
193
412
127
871
175
410
294
281
190
298
158
27
510
109
17
243
486
133
62
60
41
99
51
350
200
702
15
156
190
392
126
124
232
93
102
617
38
64
145
108
96
37
49
21
626
627
44
64
253
400
179
274
140
108
506
265
52
161
66
394
54
227
278
111
85
145
261
539
215
92
323
200
88
253
183
245
195
193
91
65
50
755
432
70
350
135
141
17
544
277
114
546
407
155
56
64
54
267
166
116
44
249
132
42
488
66
445
178
416
168
96
185
103
193
306
23
55
63
162
50
205
171
83
163
167
205
45
410
99
573
280
314
137
43
166
110
95
469
35
314
788
283
226
412
885
187
272
389
898
64
87
522
46
266
147
92
124
135
103
402
85
148
287
452
123
98
545
47
277
160
380
91
491
35
65
165
227
60
376
121
340
186
49
64
160
345
243
567
91
437
44
248
115
354
152
32
740
74
78
100
146
155
48
65
95
166
62
360
184
411
86
578
102
69
497
68
108
35
344
56
37
212
591
74
120
326
220
100
29
342
265
203
291
109
71
24
105
337
28
209
144
389
794
295
459
417
43
539
74
326
194
32
260
243
84
62
195
79
237
845
302
53
115
152
180
227
122
178
279
121
243
137
165
63
95
168
356
37
21
149
42
60
163
312
236
94
98
71
41
368
70
166
207
196
129
55
148
41
156
354
435
412
286
816
696
83
23
248
25
167
346
238
81
221
64
86
26
207
91
61
66
139
174
132
151
295
834
66
79
700
23
41
156
184
56
17
160
114
264
147
86
155
192
95
214
612
338
70
307
155
284
128
401
146
382
148
133
464
81
140
173
141
413
297
289
129
193
109
630
292
103
53
62
130
138
110
698
108
177
214
640
283
403
178
765
442
75
444
179
245
133
146
330
85
294
251
94
103
137
76
32
231
217
446
411
34
460
334
211
110
156
19
121
65
71
38
101
838
178
280
272
265
20
405
165
567
158
72
105
174
294
180
127
193
408
219
307
77
329
446
274
89
250
140
210
359
649
55
35
170
425
101
815
30
96
198
66
364
124
458
222
199
411
140
303
528
91
320
192
111
316
153
430
72
131
558
62
414
136
544
173
30
501
63
209
102
220
230
289
555
223
45
36
136
56
175
163
347
681
320
73
61
75
88
477
67
85
239
71
76
80
513
342
244
35
188
499
46
110
79
975
185
979
512
48
432
49
140
112
116
58
183
234
182
238
300
127
101
35
142
90
540
226
44
272
56
209
456
210
98
354
391
127
77
74
36
848
658
128
124
80
162
107
702
409
183
87
530
80
278
179
161
49
28
125
211
47
187
208
104
27
418
370
105
302
300
509
181
37
98
147
32
257
387
282
191
130
378
113
495
39
345
115
362
70
99
74
103
253
128
266
313
147
410
149
377
683
124
225
297
83
387
179
344
758
224
172
509
161
151
48
250
77
167
205
271
195
398
347
353
84
42
112
112
294
437
209
134
73
140
145
325
473
291
311
44
259
51
102
155
375
52
212
778
208
130
128
341
115
114
79
408
124
24
66
208
303
125
244
116
121
100
261
460
287
140
233
114
65
171
116
103
31
113
30
106
159
115
68
201
515
50
45
129
211
360
141
391
99
644
150
64
97
131
130
119
333
105
256
97
73
354
618
625
103
231
32
423
79
272
494
122
32
145
105
318
374
111
157
190
27
71
304
156
483
331
201
51
171
168
119
788
412
59
559
265
26
88
1201
254
393
54
99
924
41
458
58
396
409
48
84
62
514
190
60
644
39
53
151
222
184
33
332
387
100
50
108
412
307
86
36
112
437
417
460
185
137
67
52
45
148
83
57
256
180
90
96
254
145
84
520
72
33
92
463
299
22
114
204
167
120
190
140
82
237
986
118
78
248
310
417
282
441
103
103
136
37
317
436
388
55
62
71
16
54
134
172
525
348
101
73
466
176
176
160
55
359
95
20
67
312
156
140
57
233
216
65
178
358
183
251
224
167
239
446
68
193
228
122
62
191
59
201
178
140
64
74
18
106
57
372
104
385
93
816
63
142
155
288
386
497
298
222
108
68
375
106
301
173
227
612
125
119
28
153
413
137
91
111
916
335
477
125
52
179
595
34
195
344
67
51
167
120
136
87
123
90
113
337
423
163
288
66
36
116
367
28
54
254
46
70
70
134
80
102
168
36
164
321
296
251
167
129
225
189
95
50
171
223
53
75
625
88
194
330
180
292
38
357
145
186
333
288
268
196
525
356
161
130
126
142
265
43
521
131
53
22
265
219
103
404
300
60
41
518
167
152
143
136
589
171
606
217
507
21
101
101
67
101
423
38
303
771
291
92
367
300
76
152
81
61
680
18
120
192
385
144
159
85
273
232
266
529
57
80
84
89
107
92
352
250
56
254
139
352
195
150
16
50
502
722
332
85
41
546
303
63
111
76
336
412
596
58
949
63
94
707
217
228
337
175
417
176
122
48
657
213
47
506
59
52
206
175
71
144
170
329
27
417
85
130
826
39
90
125
99
21
45
51
74
297
115
196
184
97
67
234
594
40
284
360
203
62
212
78
260
91
513
79
68
526
328
99
171
42
573
161
76
203
808
85
656
167
92
296
32
255
344
28
36
92
255
161
202
79
21
62
40
247
386
54
249
72
286
111
59
401
359
462
641
124
677
12
204
41
432
85
274
81
90
483
106
23
180
477
24
107
407
538
176
310
275
303
27
122
726
77
23
475
77
79
34
92
96
316
42
261
16
115
236
156
1519
260
86
286
94
44
56
151
194
295
29
117
258
268
143
30
229
24
463
444
396
96
489
266
93
55
188
219
188
631
172
55
558
131
64
103
109
176
74
109
52
414
515
54
255
155
449
273
517
110
250
720
145
171
197
177
157
253
86
160
41
358
271
488
203
281
320
80
49
247
531
204
85
561
783
208
345
384
257
245
83
124
121
115
206
107
429
69
219
470
20
73
254
17
1080
116
283
169
89
100
53
106
307
124
118
125
93
131
237
557
71
31
184
360
186
80
45
307
184
100
49
301
57
66
47
310
109
367
468
41
38
172
424
191
112
173
88
361
25
109
59
51
23
359
209
129
113
54
34
273
54
444
1071
266
456
35
84
272
101
217
149
436
772
112
173
256
407
382
117
146
146
205
65
232
580
175
763
629
130
39
229
165
141
81
44
402
21
133
109
110
79
347
311
102
196
62
250
66
108
245
124
405
59
84
408
50
138
349
110
54
429
229
135
72
101
321
127
282
253
62
357
69
34
209
188
541
94
140
530
171
60
486
41
75
39
95
1122
128
25
69
64
222
203
145
307
363
110
75
86
208
110
272
207
223
472
195
99
64
49
66
692
206
552
81
319
98
124
480
314
26
215
117
146
158
219
49
391
74
272
67
320
835
367
49
29
767
127
162
372
267
428
7
305
65
213
111
39
500
218
170
42
244
141
434
288
44
39
137
186
394
40
73
529
526
259
883
258
168
56
486
119
53
654
57
166
93
383
66
724
349
423
100
93
606
482
297
70
413
169
79
826
135
69
177
349
416
532
226
375
217
121
111
65
61
311
77
327
758
49
461
277
965
312
95
93
299
186
65
172
367
96
456
432
689
208
133
90
171
30
278
73
311
58
280
108
217
161
42
175
143
850
457
790
177
190
106
142
88
57
174
40
141
38
410
206
115
36
176
382
650
92
91
146
189
698
81
278
282
294
582
598
189
119
453
139
339
1092
109
193
365
123
39
480
189
422
507
70
435
29
373
21
78
391
88
319
670
47
142
58
36
91
49
98
96
393
158
113
156
101
705
112
407
1323
46
138
636
45
429
184
371
83
69
152
490
147
82
311
213
79
89
183
73
29
22
185
304
673
390
675
89
50
94
100
71
33
112
169
372
243
29
136
37
101
154
323
249
58
170
166
60
135
177
166
335
241
41
96
221
306
118
122
79
130
36
382
649
286
99
93
49
281
319
419
691
45
534
183
69
47
340
116
86
65
21
123
656
164
31
375
52
117
303
60
431
152
51
40
55
117
279
316
116
302
114
94
677
86
744
331
72
328
628
112
10
301
70
402
434
147
157
130
946
554
171
122
60
160
48
55
348
72
147
44
205
421
198
226
127
214
265
24
125
95
73
272
435
144
21
89
121
222
63
219
65
36
358
354
288
145
607
445
516
172
200
73
58
268
51
58
13
344
124
287
753
69
532
461
166
196
253
79
345
202
105
438
947
77
119
261
279
276
202
469
147
272
130
92
106
23
94
15
395
140
542
229
31
106
130
47
298
47
33
1068
66
205
428
176
102
50
27
113
373
489
492
225
231
148
87
102
909
293
258
73
206
48
309
241
59
318
131
396
94
29
417
148
184
205
75
343
410
569
33
35
117
339
36
69
77
360
195
67
119
91
61
50
539
479
278
28
880
69
142
376
414
241
186
265
171
256
151
324
38
238
603
519
50
340
376
151
328
237
210
168
793
189
538
151
62
220
958
49
762
157
134
172
214
131
146
294
158
339
247
349
343
74
92
30
134
151
184
104
114
45
184
69
175
850
101
41
351
24
148
118
506
506
155
419
260
92
183
438
353
390
169
1004
62
78
129
112
508
53
36
159
81
322
612
134
62
447
82
893
203
69
663
315
379
74
159
285
163
81
193
86
56
49
44
146
277
385
191
63
407
101
551
532
413
120
361
244
98
267
122
67
76
211
161
224
340
373
95
156
122
74
96
300
89
760
104
149
45
86
170
370
44
346
43
449
58
722
272
342
205
262
163
81
313
137
133
490
57
130
153
341
105
178
173
108
68
260
193
229
267
226
266
121
107
685
25
460
384
83
120
109
339
121
78
38
804
87
179
229
224
310
193
82
82
45
289
557
137
21
193
308
476
185
327
148
59
163
261
573
124
39
408
66
167
252
286
418
299
1145
354
586
143
243
92
646
285
52
101
148
78
193
59
273
155
64
26
276
83
156
215
23
91
68
127
432
367
100
342
72
62
478
385
111
73
122
286
72
36
674
135
69
34
182
44
853
92
32
88
110
67
76
151
201
345
375
107
89
469
92
711
169
599
128
120
326
41
166
235
244
577
119
918
284
50
35
351
321
94
189
247
119
219
177
59
114
102
98
108
33
206
115
206
138
113
107
222
68
179
68
299
248
528
544
145
290
215
142
191
229
125
1466
150
489
122
395
307
341
49
113
133
188
230
168
171
376
161
221
99
242
147
23
212
34
456
234
65
676
85
609
44
243
38
86
149
42
183
71
164
339
98
616
374
23
112
123
123
95
407
67
121
444
341
80
256
74
30
61
392
157
50
18
192
141
413
944
225
49
138
198
205
16
168
64
20
38
113
92
136
101
149
272
96
85
132
102
163
193
214
45
88
656
20
725
70
360
197
105
281
87
467
241
182
162
569
87
135
184
647
579
224
400
181
64
309
356
153
416
375
61
223
108
237
147
76
883
224
299
139
70
109
134
182
492
117
137
35
133
177
343
37
54
706
96
153
141
105
65
123
117
279
605
504
89
207
73
324
281
81
19
74
98
395
226
644
127
22
233
52
49
314
155
90
144
225
525
268
238
412
47
184
198
365
297
26
327
114
52
359
557
115
237
239
42
71
129
360
213
136
165
116
504
452
156
66
106
35
201
201
105
244
563
372
35
68
47
105
505
493
266
204
279
87
336
133
965
100
331
246
233
200
82
149
65
420
124
55
104
379
255
695
87
465
52
77
855
197
1645
307
58
107
273
610
510
46
121
107
475
180
424
115
35
259
559
181
408
97
203
75
267
253
224
199
35
82
299
187
90
54
118
294
190
426
178
90
220
102
58
30
43
551
530
31
120
190
25
605
264
269
425
236
21
154
670
72
378
218
28
77
504
94
258
178
115
236
205
190
122
391
676
347
126
59
62
136
107
96
151
205
163
90
509
89
35
78
299
76
539
72
37
72
185
499
23
883
32
175
39
122
283
263
165
200
21
37
200
107
122
293
172
301
124
749
136
200
299
433
288
40
127
29
403
68
461
85
57
41
293
397
22
304
153
668
274
399
123
137
146
111
73
53
163
157
336
131
164
534
156
61
382
412
287
365
50
91
78
326
163
83
92
283
165
282
189
305
78
128
320
45
84
188
126
160
417
396
89
873
85
218
327
391
286
133
58
35
25
123
254
203
362
117
200
167
233
213
164
57
100
89
201
155
138
158
81
30
86
154
251
22
477
114
326
395
29
31
30
150
132
144
315
162
425
117
152
581
50
114
414
478
192
274
468
337
419
393
75
349
60
348
668
515
453
91
52
666
258
470
234
164
78
85
178
644
766
57
173
90
45
275
272
374
109
254
380
101
296
98
178
178
250
459
36
82
114
117
111
121
341
322
343
41
334
344
236
119
735
74
331
440
47
211
61
194
247
83
156
291
33
75
70
91
380
68
320
263
776
425
598
42
512
71
52
61
152
510
368
113
298
304
87
218
178
598
344
193
49
157
161
26
398
32
106
124
742
249
311
40
103
148
219
41
375
113
50
142
68
91
117
186
84
47
100
665
30
109
42
264
50
412
130
120
676
34
686
206
519
226
198
409
58
935
56
15
39
191
294
573
463
126
262
306
346
85
706
88
193
24
212
54
312
359
409
321
302
63
263
42
56
142
105
279
1092
342
202
233
86
279
107
565
626
163
1042
281
90
384
288
196
33
611
106
94
194
111
78
170
450
96
394
620
115
68
164
216
596
725
21
251
76
144
170
174
329
304
155
633
65
77
175
184
81
74
385
84
35
420
132
95
293
175
57
145
187
126
95
330
49
50
130
85
102
664
165
180
259
27
187
362
352
32
346
550
182
124
69
124
120
39
182
560
280
56
164
41
357
195
67
447
75
315
98
174
253
218
87
241
83
233
37
180
107
86
247
77
139
62
554
21
654
96
277
296
45
213
185
104
668
176
471
532
199
275
472
19
125
108
32
195
169
42
617
49
655
206
128
438
38
301
505
163
348
408
91
126
193
260
196
200
70
43
526
93
402
200
722
442
169
81
241
333
48
169
720
158
54
418
652
329
162
464
370
186
503
92
512
41
55
176
190
148
168
195
58
90
183
35
288
317
205
265
154
482
64
125
566
369
170
26
199
170
67
147
236
159
141
118
137
261
110
40
278
130
149
36
70
42
93
48
24
274
254
125
132
245
456
472
77
135
332
353
172
217
585
638
102
222
457
218
29
251
58
81
41
46
81
293
581
210
350
202
169
120
94
125
59
373
222
128
112
383
264
31
118
19
69
675
404
409
400
356
244
9
34
23
161
170
160
71
192
261
643
439
123
74
129
356
306
212
238
611
100
244
476
163
165
69
25
149
260
73
289
586
610
34
143
23
1123
286
303
170
406
168
246
188
212
106
154
223
295
290
257
33
185
50
21
165
253
85
261
155
161
316
286
317
71
71
145
242
27
198
37
77
59
207
141
104
496
71
160
328
217
265
417
162
50
121
149
67
12
210
48
148
230
43
730
605
107
23
201
121
287
55
138
349
14
206
329
82
121
82
134
505
409
45
290
217
203
438
509
155
161
114
242
72
373
804
118
67
58
469
154
124
160
272
110
361
521
91
194
529
116
178
177
79
276
268
83
56
86
234
61
104
86
224
210
143
76
122
246
145
296
379
704
604
305
334
90
255
356
127
297
125
822
34
313
325
91
211
39
49
424
62
110
129
319
213
50
207
321
278
66
642
318
303
308
109
145
50
68
96
210
125
50
71
432
74
49
35
28
101
276
322
244
122
252
146
133
91
243
132
43
541
530
84
270
69
253
593
81
162
71
244
59
20
26
226
285
557
459
116
62
77
37
313
365
205
159
34
127
58
682
168
546
63
195
273
375
376
416
51
201
137
149
285
212
332
280
173
190
467
40
258
90
534
65
160
221
420
83
164
32
179
311
73
152
310
51
398
153
128
455
76
212
722
99
217
29
155
126
687
105
39
199
415
81
105
45
169
253
101
156
130
118
150
142
227
675
111
309
225
124
362
211
252
246
391
352
226
401
363
141
266
507
42
101
360
38
152
659
48
652
91
252
224
161
28
167
532
203
277
105
155
235
69
320
199
190
92
78
194
53
68
29
104
467
47
39
663
38
30
62
69
160
394
252
21
116
251
130
317
276
197
113
49
31
263
189
53
299
167
140
34
598
20
226
164
198
493
49
248
337
71
617
159
107
234
1774
136
37
288
158
393
124
205
95
141
449
9
398
464
386
51
407
267
165
214
51
421
688
944
265
267
47
339
260
283
99
55
178
91
404
228
48
121
27
696
166
67
85
444
424
316
143
115
389
78
1048
85
99
68
182
159
479
545
70
131
378
24
437
43
185
567
166
181
99
210
50
197
144
277
155
342
43
183
229
62
55
326
180
663
394
931
253
110
42
592
84
295
77
177
527
97
114
360
445
358
90
176
161
249
376
149
41
101
331
259
35
52
225
65
397
50
139
445
222
211
86
317
480
312
103
93
91
81
42
35
491
468
54
224
256
347
81
252
29
64
207
40
275
240
166
161
314
235
430
119
49
24
240
69
189
105
81
85
162
251
229
173
224
131
893
285
181
76
97
421
200
120
34
657
88
311
62
245
228
626
60
268
455
418
31
109
269
102
137
264
577
182
319
280
213
891
34
54
566
219
450
29
345
602
577
37
139
328
137
185
273
142
17
903
259
56
28
199
37
401
782
518
181
123
61
83
263
92
406
244
25
280
320
136
83
598
95
124
377
245
407
224
56
381
222
71
105
174
161
196
65
373
408
179
360
280
279
253
167
184
139
108
227
42
491
421
224
336
85
121
1110
151
106
285
371
292
373
334
166
225
173
114
984
476
265
351
116
152
239
860
373
55
279
49
179
69
64
21
205
93
85
204
189
360
156
167
148
72
31
183
200
270
155
52
459
148
45
405
412
411
429
270
109
511
74
178
154
290
233
45
51
188
354
77
195
47
157
256
205
149
146
306
184
225
52
357
79
152
66
172
71
329
103
114
191
201
293
106
83
29
23
82
458
146
82
292
259
85
73
294
40
172
71
297
70
279
139
189
99
38
205
187
76
143
133
127
38
183
57
22
67
83
66
320
284
76
189
305
388
21
644
59
155
215
375
81
182
156
237
497
262
93
139
93
738
720
146
53
61
199
65
205
596
27
25
152
400
32
65
76
268
166
370
59
149
104
272
54
1210
246
389
659
210
66
424
195
323
475
42
663
367
71
149
179
197
167
34
74
98
347
746
128
71
201
299
1175
200
113
744
625
15
36
219
241
139
222
154
65
236
305
596
210
60
72
41
99
275
183
689
100
190
387
70
266
439
73
89
430
218
148
249
190
262
225
272
86
201
75
283
241
107
125
126
67
428
76
228
633
202
56
112
22
284
224
202
236
238
192
464
75
56
388
502
54
312
63
271
102
47
263
153
118
154
201
112
142
244
47
56
306
289
125
358
103
34
392
817
63
402
644
35
66
27
145
90
121
100
167
57
169
257
210
322
414
46
161
47
89
334
450
351
159
149
240
127
200
80
52
57
57
363
205
242
26
163
443
65
166
67
600
186
113
243
101
160
176
102
205
84
431
119
29
88
298
102
442
61
59
264
1082
51
362
54
562
204
233
62
409
358
89
143
40
418
233
73
242
78
280
29
695
28
345
317
36
126
130
433
195
134
723
63
72
723
417
598
376
316
188
71
80
923
173
237
155
326
514
75
96
1722
257
293
39
40
151
145
370
554
196
111
103
261
164
123
73
132
675
235
79
576
470
45
65
84
436
318
134
55
87
270
1327
136
993
293
35
128
220
118
18
245
116
394
200
39
936
537
109
239
89
119
195
88
450
456
489
186
107
364
161
91
184
90
48
166
41
26
241
166
112
435
483
375
87
136
130
296
226
273
274
82
161
76
369
462
164
95
84
396
310
142
576
72
386
145
167
103
166
83
60
204
219
401
156
71
66
257
35
313
186
19
37
107
436
75
72
436
495
261
36
66
390
170
318
145
300
112
218
135
166
102
39
112
711
135
97
246
105
186
260
58
154
357
79
361
23
372
277
352
53
69
708
124
157
175
60
438
119
86
38
296
232
344
121
111
127
381
221
232
133
304
59
72
102
236
430
42
92
121
154
63
228
26
162
157
37
570
26
157
99
247
152
114
473
45
393
158
742
379
336
215
134
71
240
189
49
188
134
399
174
36
184
383
283
280
171
176
159
386
161
274
33
213
228
249
102
55
170
35
34
13
481
171
118
447
280
159
54
54
452
230
157
161
403
29
118
101
20
198
222
163
68
581
251
358
79
100
595
195
300
265
218
145
132
643
79
61
103
225
203
526
242
144
271
325
59
141
380
92
221
37
134
138
114
57
135
55
370
121
623
438
167
283
26
952
374
625
434
85
54
37
96
365
331
361
336
48
759
59
586
141
57
425
51
51
214
61
1178
537
819
41
265
29
337
151
116
599
146
116
101
100
89
358
61
321
79
184
112
257
239
109
880
191
108
142
260
60
77
110
71
378
124
174
275
447
130
205
185
195
215
91
97
139
202
189
258
53
505
747
429
163
376
160
454
141
112
891
136
35
314
127
44
130
277
148
448
248
208
298
74
1145
71
315
428
29
167
303
227
147
21
607
103
537
37
163
65
96
88
143
170
44
52
754
87
968
71
437
352
36
701
184
140
193
147
57
107
563
502
443
367
224
105
140
161
463
118
85
24
43
391
161
83
82
320
83
186
504
54
71
255
702
570
73
77
35
156
65
508
280
61
51
471
157
461
94
154
569
121
109
78
186
289
60
130
63
73
89
242
63
129
493
405
87
235
200
272
127
253
23
231
219
160
288
86
55
68
76
412
342
105
572
254
195
97
93
423
108
76
22
135
307
399
525
57
70
677
97
603
69
467
26
219
47
92
35
449
238
46
128
70
21
134
82
48
67
44
542
311
55
176
25
334
271
31
32
148
516
427
66
131
35
301
427
46
780
497
76
207
257
135
59
515
56
98
109
78
155
140
33
216
21
415
335
747
585
404
125
304
358
300
56
163
88
15
208
110
192
137
77
424
296
41
378
63
366
80
254
67
171
894
203
270
170
21
406
145
252
301
31
295
78
371
193
199
67
68
185
367
378
238
63
291
61
28
171
377
178
174
134
456
29
729
144
87
267
89
64
221
80
123
49
92
209
100
48
294
182
33
271
95
101
116
23
154
192
133
49
235
301
152
75
115
59
292
207
133
256
83
27
432
144
125
907
69
287
305
200
152
437
195
320
181
442
219
156
409
51
335
139
501
457
50
117
287
851
434
44
361
39
154
192
93
324
50
75
549
374
77
768
302
165
53
73
479
108
163
221
106
169
150
118
200
203
65
105
261
138
94
166
990
78
232
46
28
718
485
364
186
545
105
101
62
434
1224
157
59
54
424
102
117
108
108
177
38
124
70
552
994
88
56
170
86
31
159
146
213
219
25
110
293
29
565
22
183
76
337
23
166
362
706
103
227
126
219
145
161
280
87
134
89
173
551
77
367
416
188
935
198
157
204
143
108
44
241
170
224
280
521
50
56
278
20
119
207
178
172
150
195
212
480
228
42
103
104
32
656
283
358
29
264
166
106
26
35
395
170
654
48
303
112
863
117
278
229
17
244
244
532
49
102
118
182
92
219
310
98
40
47
161
152
67
156
49
164
238
86
429
372
111
56
93
278
205
95
50
104
191
260
140
189
212
270
44
41
237
267
135
59
61
205
244
255
746
292
361
149
209
135
88
20
187
412
488
43
71
517
483
196
555
40
576
280
386
245
59
87
84
67
104
225
121
33
329
90
84
516
195
124
317
219
68
151
296
400
401
121
167
89
100
262
161
337
72
72
24
238
330
27
96
387
90
77
42
50
568
391
162
388
47
246
32
149
231
239
55
56
101
44
468
168
8
115
601
220
274
65
38
386
85
492
276
388
600
91
85
85
37
275
302
216
119
214
61
21
162
19
83
19
191
244
28
96
595
62
511
226
123
232
199
243
50
410
39
426
329
275
547
156
259
200
198
452
46
529
254
401
663
70
58
146
185
629
212
102
249
239
493
253
40
128
220
175
199
476
60
206
83
337
185
70
244
343
39
80
25
105
33
471
419
194
143
356
169
58
670
228
148
751
100
162
313
68
398
163
257
174
17
254
97
130
89
30
245
142
52
125
516
616
210
293
362
382
207
116
453
89
121
801
186
56
66
151
143
69
158
180
348
71
102
125
113
360
217
534
117
705
145
167
414
270
370
341
1064
767
270
145
91
244
176
126
74
97
102
261
231
121
512
102
298
98
328
109
100
138
417
42
250
361
1034
200
117
42
191
187
116
114
49
40
465
128
105
103
396
132
215
609
50
219
45
152
71
24
190
72
80
129
184
110
51
50
426
478
97
796
226
682
597
186
63
99
94
119
142
145
104
91
152
222
98
92
95
432
92
228
350
182
213
132
379
102
97
46
73
217
62
108
82
1114
390
466
248
254
375
524
87
192
1279
87
85
136
33
459
173
720
73
278
361
89
141
397
695
39
377
41
489
105
436
406
178
268
176
440
233
177
49
429
418
283
78
276
78
101
185
281
48
39
91
75
84
405
138
471
230
46
63
68
185
376
230
103
42
685
273
75
282
72
322
445
31
280
193
46
310
98
92
170
143
477
104
69
392
147
435
1239
65
84
411
60
70
317
605
34
453
140
148
78
458
59
61
218
126
403
177
291
286
73
192
189
160
193
104
76
17
240
49
139
75
279
52
142
66
104
224
298
792
200
47
38
314
54
108
196
468
54
76
315
31
90
294
177
96
333
83
41
373
294
91
90
331
358
164
149
763
371
702
643
526
174
191
321
101
81
462
141
57
163
50
144
200
125
105
287
81
337
45
76
298
167
467
153
147
188
182
136
186
273
387
514
24
389
266
118
658
591
337
422
67
234
489
227
140
202
62
154
457
320
189
107
82
500
219
154
171
115
29
132
149
97
144
309
113
118
298
309
250
213
475
99
183
18
613
192
179
491
126
388
314
69
54
242
244
229
442
430
77
18
262
92
192
260
122
433
360
377
158
86
818
136
103
204
136
329
66
60
241
1363
350
158
429
238
362
311
353
116
171
44
169
164
176
36
186
310
40
225
256
101
72
130
42
228
495
134
70
28
17
134
109
327
250
82
21
168
191
97
92
151
69
171
299
261
139
303
124
213
36
165
530
195
250
100
115
78
83
1236
211
152
449
262
371
92
110
857
45
89
60
237
279
352
124
558
127
389
206
55
558
548
144
150
40
415
15
36
124
278
21
35
65
222
317
1032
86
100
117
86
256
341
110
315
62
211
452
298
20
165
165
240
28
73
108
574
200
160
144
239
97
272
488
115
115
260
126
262
39
630
443
708
182
445
235
46
167
353
100
242
108
339
127
77
174
16
79
353
796
244
317
106
838
265
542
216
518
562
337
260
403
302
356
108
46
341
129
434
169
77
100
177
45
353
204
414
97
744
200
583
103
76
192
342
58
570
347
145
288
181
109
160
241
288
114
396
103
303
521
97
115
62
125
58
820
34
340
192
40
143
283
57
49
609
124
38
469
596
106
501
232
141
293
542
62
263
187
25
44
26
172
573
61
195
145
139
175
80
117
23
209
429
178
520
348
355
463
279
109
142
496
150
76
339
434
95
145
250
101
130
440
635
89
146
394
112
285
51
361
546
59
108
82
43
59
336
239
262
95
127
198
379
517
211
591
236
57
593
209
386
217
99
54
94
257
365
63
61
428
320
364
112
68
686
215
296
179
166
115
101
106
173
394
451
217
153
253
680
228
77
573
307
190
473
44
142
68
108
93
105
22
125
378
73
42
370
130
27
243
78
74
190
122
82
187
564
82
188
215
361
102
71
336
138
218
33
199
149
58
279
108
267
107
908
233
96
46
63
149
336
349
206
97
74
82
114
26
39
259
8
131
209
101
172
144
106
205
321
148
241
202
167
63
752
239
383
106
48
462
57
80
260
150
31
121
205
235
42
190
188
98
98
141
134
77
292
555
259
76
69
219
121
373
436
794
44
262
147
516
625
272
544
173
221
184
699
89
197
412
50
110
92
167
140
106
207
79
214
544
366
327
828
33
131
127
372
196
123
150
234
165
29
51
64
316
276
157
85
105
92
264
159
96
640
167
99
349
59
470
69
186
35
95
528
208
87
60
71
439
261
152
426
26
52
151
206
111
140
141
85
100
161
269
39
439
182
117
68
99
372
224
76
177
114
168
162
215
54
167
46
285
1037
158
110
221
40
98
57
117
55
138
91
42
36
34
76
102
192
61
27
445
410
199
154
149
137
46
129
246
387
81
79
109
101
239
41
138
103
85
347
21
259
97
30
273
189
211
16
108
242
522
39
82
149
222
142
115
63
687
561
665
459
178
96
139
58
99
139
387
398
236
257
223
408
138
31
214
75
615
407
192
42
36
187
400
299
441
292
91
57
361
101
255
171
168
398
66
177
150
74
469
54
170
110
723
262
176
207
270
95
161
528
87
196
64
68
132
86
237
169
63
65
94
731
89
198
511
198
169
67
298
47
51
122
151
377
695
64
253
206
157
259
296
158
649
331
95
77
362
600
633
98
32
576
165
645
374
303
38
232
374
268
80
423
55
219
25
296
192
464
225
518
443
134
65
131
136
202
144
185
164
217
41
303
180
198
198
51
146
445
730
168
29
79
258
175
65
63
200
65
122
244
203
69
57
296
66
93
191
114
151
488
167
497
254
78
137
85
276
92
159
68
35
170
403
336
673
215
154
262
39
305
103
85
155
33
387
266
48
28
55
364
192
742
26
154
372
345
265
196
86
94
132
38
31
305
211
249
533
94
524
130
518
636
112
115
617
487
92
356
221
38
62
133
442
672
92
27
523
471
562
326
248
234
134
156
87
121
281
521
106
376
268
69
76
315
45
439
41
35
190
616
221
77
145
296
162
102
419
198
28
46
107
317
111
49
34
178
59
194
163
184
128
206
120
282
44
550
151
81
225
271
113
161
303
736
21
583
544
77
151
235
759
208
29
92
253
75
132
249
84
507
94
790
373
360
51
137
70
203
154
185
154
120
60
487
247
60
78
121
294
245
50
304
283
535
123
155
19
305
136
40
50
453
167
270
461
230
35
135
107
158
79
96
31
212
57
135
1193
330
22
44
115
206
95
29
312
304
198
209
36
332
122
405
143
153
368
351
20
229
123
672
226
767
271
72
154
44
146
168
209
81
884
148
254
86
724
103
164
705
149
58
211
131
611
199
36
41
350
97
84
574
399
44
73
80
188
53
69
328
45
201
276
167
45
206
55
35
626
35
345
599
100
186
418
138
57
224
260
116
604
68
206
46
180
121
93
116
81
126
50
76
45
85
235
109
196
383
652
109
78
326
146
343
423
59
132
903
126
687
207
526
91
114
147
86
58
608
76
60
455
24
128
139
37
117
73
45
102
80
302
203
23
78
569
150
314
50
77
98
75
75
54
231
122
472
256
33
311
173
90
100
430
392
33
137
18
169
103
85
185
138
171
118
304
133
138
355
300
14
207
162
384
116
78
106
278
423
97
85
55
70
95
351
263
157
141
628
64
254
472
108
65
26
861
613
74
133
346
404
1237
60
174
51
217
549
293
63
108
84
242
39
77
128
79
231
103
162
465
256
106
162
59
134
408
140
51
196
110
114
602
266
540
110
58
50
906
290
556
67
300
374
240
114
431
102
83
200
57
135
174
132
268
136
58
117
32
98
125
156
278
551
20
81
130
784
61
135
74
149
134
47
115
203
94
146
243
49
705
64
435
118
583
287
92
96
266
225
34
159
73
243
121
57
184
112
115
390
425
185
475
85
172
320
86
714
28
54
240
492
710
33
39
127
54
87
57
302
322
125
74
91
633
100
60
169
35
732
152
97
40
223
139
1065
234
50
36
386
181
191
137
67
275
59
74
51
184
39
300
145
83
134
700
141
59
1120
68
40
240
52
52
44
752
128
94
311
280
450
243
277
252
204
308
319
168
127
51
83
253
32
162
19
18
158
81
272
341
245
438
58
358
291
138
256
68
249
601
108
129
75
110
142
809
66
33
108
213
25
461
41
211
190
552
170
297
103
197
198
366
698
373
178
858
246
324
59
182
104
147
91
153
58
293
176
105
73
262
455
69
49
46
168
458
27
242
175
151
72
414
94
93
431
111
154
303
86
62
102
170
145
293
48
52
190
279
121
191
62
153
264
67
330
134
87
222
93
122
307
317
576
216
314
477
325
45
125
162
696
320
184
93
192
145
62
129
347
53
88
161
152
587
227
28
151
20
62
756
118
106
160
135
33
221
1874
756
294
165
52
137
132
261
136
408
491
59
436
178
227
299
214
178
151
202
212
556
91
114
103
245
59
266
60
100
295
475
125
221
106
36
84
28
381
1224
139
1695
92
48
175
253
114
111
110
19
64
289
261
170
108
183
290
222
48
173
159
108
381
175
32
106
78
112
385
123
90
71
64
14
98
327
343
65
387
81
239
51
172
221
59
133
94
90
60
323
108
99
390
27
41
389
251
322
119
313
77
142
9
286
515
194
186
322
107
82
62
192
59
74
93
444
338
281
25
516
318
378
518
163
134
103
115
237
394
76
312
229
288
253
82
191
70
358
168
36
231
132
173
84
57
823
30
88
244
53
548
198
204
61
215
231
245
58
146
93
93
33
140
64
261
29
182
127
111
549
173
114
94
135
32
72
33
82
286
243
121
212
85
49
129
421
379
305
223
171
96
25
91
162
157
430
311
205
570
149
868
524
146
187
65
172
224
606
200
17
193
84
388
129
101
39
247
544
897
36
45
58
214
30
71
189
112
48
53
91
62
132
119
151
45
246
159
175
664
152
266
77
242
543
43
257
62
82
225
76
248
198
196
160
311
1162
481
80
61
172
248
204
191
413
338
193
346
441
75
228
182
298
240
63
277
531
40
477
402
26
52
27
583
64
91
42
221
197
163
58
77
781
816
419
402
672
256
119
334
124
666
76
351
186
56
46
136
511
131
25
48
263
26
214
98
268
41
476
376
144
331
1052
161
157
114
460
326
203
655
52
40
196
34
477
119
52
37
267
61
129
499
330
475
202
424
483
450
412
442
286
25
295
161
157
64
173
27
134
92
603
285
17
330
102
199
56
101
434
79
161
108
54
303
354
392
80
44
41
61
64
70
132
129
28
287
41
429
338
191
1305
36
249
134
223
94
115
86
46
306
44
64
159
62
72
192
199
44
27
1063
295
89
94
250
332
63
480
753
206
339
38
201
399
163
115
115
488
281
87
461
177
292
227
53
392
103
381
139
458
50
19
431
504
672
285
112
191
152
152
905
14
175
58
121
226
11
25
20
401
317
337
101
544
34
985
263
72
154
312
40
432
108
67
175
497
744
491
52
75
100
133
216
647
109
70
437
113
104
36
123
114
189
1021
363
46
187
174
293
37
446
133
472
48
1143
69
86
301
20
129
92
237
85
153
196
116
241
273
119
86
119
145
393
248
112
118
471
219
231
274
176
191
128
425
245
210
58
133
512
243
63
184
36
490
288
29
137
498
93
485
75
144
1046
120
221
28
253
211
374
119
377
288
328
64
280
201
86
129
258
21
265
199
71
501
190
146
87
100
64
88
827
98
237
774
100
242
357
117
61
181
262
363
146
91
309
135
119
68
121
219
117
180
318
153
355
128
249
241
147
202
226
25
176
117
89
417
601
281
110
35
211
552
280
115
162
27
189
146
84
399
170
385
109
416
140
398
43
110
73
211
196
431
90
60
423
275
889
214
141
73
277
242
76
148
722
61
59
138
137
43
84
134
106
213
92
30
231
87
881
426
88
132
28
130
411
534
412
55
82
147
110
19
181
71
234
241
146
166
704
197
41
159
128
349
723
138
40
98
630
198
234
101
432
264
223
769
142
159
256
149
79
21
76
45
415
198
614
159
299
316
94
331
155
167
135
294
601
18
501
388
217
267
129
96
357
113
33
262
35
14
191
79
37
98
32
65
345
64
351
469
152
416
137
205
375
139
69
159
98
320
128
483
68
178
246
154
67
99
216
505
165
204
378
327
56
195
197
86
156
314
423
54
362
68
172
346
220
205
40
300
149
360
215
48
230
182
202
73
85
88
147
211
127
588
111
61
338
296
125
289
269
296
382
57
323
53
388
77
213
1135
49
151
66
136
170
85
196
183
24
107
349
551
204
224
314
37
356
197
176
56
52
419
157
222
42
484
431
94
31
79
486
324
240
262
110
116
252
115
60
587
570
172
106
229
55
219
28
79
368
276
133
96
51
173
422
59
109
156
218
409
26
360
139
75
67
262
192
198
749
57
247
42
248
102
26
513
498
100
52
196
19
973
112
847
45
166
130
44
170
24
121
171
139
105
298
124
172
82
107
224
198
89
83
78
352
237
369
142
161
329
138
295
205
57
61
64
307
604
99
61
380
74
332
43
117
92
71
103
186
203
53
115
319
140
273
316
82
258
220
165
98
338
425
328
412
236
56
78
200
357
139
68
92
69
254
48
167
68
105
165
61
22
107
373
224
174
160
301
208
65
38
565
410
206
304
198
131
418
91
126
493
50
146
145
130
323
66
283
145
69
391
52
141
31
131
201
398
53
106
276
105
185
130
81
144
153
140
142
19
184
403
164
55
371
244
539
338
138
93
694
410
144
145
104
50
186
109
208
79
127
112
22
61
82
216
66
236
181
281
534
417
54
54
104
807
394
33
526
58
172
835
178
72
274
377
434
120
86
443
25
288
57
128
200
127
158
115
15
200
409
280
67
157
139
184
107
222
60
345
440
114
503
420
54
35
315
276
64
25
204
203
225
76
174
66
180
7
125
510
218
186
257
359
663
27
81
86
59
107
83
315
1241
216
478
86
307
167
82
147
428
313
99
239
128
181
334
129
397
145
274
85
206
76
92
186
384
143
125
391
941
456
203
205
15
65
96
794
99
500
1548
142
68
379
176
293
20
129
137
66
255
285
155
432
368
995
608
360
184
250
193
57
115
37
151
199
198
96
112
99
151
239
134
308
80
144
175
319
67
569
94
213
87
43
367
124
337
877
104
131
392
288
351
338
559
12
710
220
86
200
236
122
40
262
554
313
124
274
171
58
112
568
264
143
250
34
67
214
236
53
49
21
49
106
34
221
210
218
192
94
584
63
135
200
276
155
72
233
135
237
41
365
445
122
33
237
213
174
33
184
78
112
140
54
125
42
456
70
81
390
246
21
63
505
363
939
40
148
361
628
538
137
57
599
100
218
380
107
575
83
264
49
66
335
100
370
68
213
542
83
642
215
42
218
377
161
276
595
455
146
348
49
77
648
347
52
162
302
310
52
334
93
81
233
73
37
472
323
187
149
506
265
171
261
191
615
262
111
83
329
41
219
229
27
26
158
184
102
120
306
515
24
151
73
46
33
106
251
518
194
193
33
372
74
226
350
206
187
111
19
246
165
259
424
511
111
367
109
29
117
129
102
263
193
170
33
131
66
143
65
57
402
522
149
53
273
268
457
178
319
654
76
166
127
368
421
63
51
759
461
576
232
265
80
200
288
340
193
298
137
152
131
52
590
436
330
266
119
749
200
683
800
171
123
288
228
75
56
647
212
128
248
58
116
426
21
138
247
199
138
966
254
383
231
31
221
159
139
144
203
405
190
89
322
51
342
155
355
75
145
77
219
238
93
346
212
129
211
648
66
147
101
580
232
60
219
126
455
118
188
247
93
300
70
231
349
217
398
362
67
253
136
264
72
239
328
58
196
30
940
128
125
139
115
162
146
111
44
99
133
224
430
247
67
111
191
44
51
224
192
58
697
355
130
54
44
154
67
231
70
65
553
107
60
77
160
162
33
142
302
32
23
399
253
76
50
18
50
150
127
87
116
229
62
162
424
252
545
280
178
63
119
30
443
75
112
31
288
189
94
285
390
240
495
225
216
450
188
116
53
624
219
256
52
323
312
355
46
276
394
28
69
415
121
84
623
218
317
102
143
72
31
309
320
23
108
54
80
504
100
87
53
44
192
253
106
120
165
314
158
810
17
231
61
322
330
27
406
66
79
211
544
88
384
1282
161
467
100
136
214
158
141
389
127
219
615
104
266
40
228
103
200
482
84
319
314
158
332
347
229
44
175
451
89
187
102
394
467
748
41
90
143
204
502
268
102
53
83
144
717
405
56
433
107
39
106
77
411
124
268
132
120
76
226
179
78
41
179
81
137
443
490
76
195
220
147
644
86
400
330
24
177
143
187
33
430
101
190
29
674
48
235
196
389
287
85
73
333
466
66
118
238
310
162
190
196
745
39
72
860
377
326
208
21
294
289
613
39
104
80
905
185
82
831
293
41
357
150
229
434
76
124
163
228
517
169
67
229
185
52
416
672
215
198
104
147
28
791
124
435
60
231
346
125
78
39
139
191
45
215
53
151
341
314
77
115
19
518
596
81
70
314
71
49
88
260
109
563
436
70
69
356
130
216
328
327
51
180
265
72
122
229
459
80
117
846
683
81
8
719
122
346
160
148
208
298
53
33
584
192
354
201
246
65
28
35
129
106
1074
262
55
86
322
172
445
46
90
286
59
82
117
122
190
87
128
128
46
197
126
34
139
182
230
149
198
582
304
279
18
33
274
259
141
170
42
58
101
109
206
635
37
264
365
53
49
901
714
213
293
193
113
89
323
598
123
32
135
42
54
45
175
213
128
120
286
434
72
226
460
260
177
322
472
42
418
246
363
499
57
322
1158
398
119
296
737
417
341
156
297
203
132
203
171
87
144
159
410
154
798
336
231
478
108
92
241
91
483
256
396
136
124
556
425
88
376
627
659
319
352
139
242
172
144
664
18
49
134
336
161
29
79
271
487
61
210
430
137
126
97
100
240
242
807
804
37
408
284
423
50
366
199
335
140
115
398
138
301
628
64
509
22
244
493
80
477
264
147
134
200
62
104
134
184
368
128
142
144
303
115
43
75
292
159
330
228
156
35
164
60
413
581
153
781
304
102
157
74
137
324
18
199
182
145
46
181
87
189
126
269
69
152
33
346
142
142
84
334
36
860
286
96
126
351
217
86
600
543
76
264
426
287
35
675
148
223
395
199
178
44
164
50
170
412
69
101
261
175
437
311
27
181
81
63
120
637
71
112
199
252
57
116
362
203
40
125
113
169
168
434
456
152
170
121
166
434
243
109
1328
449
584
163
357
122
107
82
406
103
252
301
373
231
84
98
483
201
955
636
446
39
223
272
871
288
14
198
33
283
540
204
325
355
36
399
61
53
89
246
113
83
34
89
475
56
296
873
321
75
17
104
104
733
105
59
250
128
278
114
55
22
119
158
43
261
71
89
106
487
147
67
492
35
68
24
116
67
121
456
56
315
87
22
769
156
133
57
67
95
248
27
51
35
91
141
39
93
174
69
69
51
93
626
94
213
128
301
26
309
175
185
227
1178
36
68
48
78
152
98
198
161
472
739
72
72
321
52
140
155
166
471
302
288
377
131
52
20
39
1205
134
148
50
101
61
164
121
57
88
234
40
232
129
49
161
132
182
120
84
41
97
481
96
156
440
168
261
578
123
254
294
77
34
123
497
37
256
204
224
28
115
245
410
526
271
10
99
64
344
216
137
260
154
43
285
209
102
35
66
118
688
70
88
182
50
41
432
203
433
84
26
184
168
299
65
566
449
342
142
78
308
210
418
480
242
126
182
244
147
72
102
204
271
219
104
52
86
168
307
48
420
282
278
88
240
95
376
194
144
118
75
357
172
532
55
365
436
48
52
850
72
51
281
860
86
283
445
114
32
434
139
158
844
788
116
135
108
845
318
415
858
248
78
121
298
192
37
377
146
59
364
301
129
205
186
163
27
186
260
187
59
122
318
482
57
173
56
123
388
658
767
150
448
649
497
105
211
35
67
212
787
150
39
202
330
165
151
207
734
119
125
244
78
86
284
83
192
109
31
531
69
513
155
57
215
89
33
121
677
243
225
96
220
133
208
131
428
254
53
122
141
316
76
324
179
235
41
444
303
89
291
136
56
136
22
187
388
244
99
218
210
333
386
62
92
48
154
74
137
127
91
63
45
95
85
74
166
64
197
1042
122
743
196
184
16
106
55
306
457
254
149
174
123
306
203
92
252
239
23
80
89
158
127
103
97
310
140
143
56
194
96
501
174
142
32
67
74
181
455
194
66
201
17
64
86
58
225
233
382
117
229
87
424
95
109
206
495
870
354
94
342
76
357
864
182
243
205
43
325
65
833
294
110
60
92
152
61
244
95
292
562
37
109
540
119
66
182
109
556
41
551
53
435
346
45
158
368
94
172
606
168
69
211
151
116
194
217
266
409
316
74
35
37
153
222
431
301
70
40
282
93
234
311
111
86
336
68
