5
390
126
263
85
98
124
5
140
372
5
253
613
71
309
211
56
146
104
354
224
786
100
71
224
321
47
210
186
402
39
270
185
376
224
132
664
556
105
42
106
398
74
1145
10
434
37
63
35
349
215
4
20
117
154
106
110
199
8
38
117
99
240
677
247
459
51
518
6
161
122
560
9
282
23
280
1105
150
168
5
104
436
145
191
309
103
229
5
321
1071
402
251
492
75
6
272
90
170
43
209
45
495
416
75
85
24
142
393
462
369
143
467
120
95
287
191
244
80
43
151
488
6
188
174
436
965
58
452
629
230
986
72
784
432
97
202
315
224
319
96
641
287
108
333
93
335
221
70
116
317
376
5
195
334
239
96
141
363
83
378
310
67
81
309
89
134
5
139
53
379
148
282
67
149
88
269
141
247
71
5
476
5
634
129
481
180
190
797
15
154
119
387
435
463
159
331
195
623
227
412
370
83
90
106
209
412
690
758
179
283
290
112
357
4
125
182
255
7
317
32
147
204
250
59
606
151
199
57
194
221
68
226
240
52
68
412
14
455
160
212
193
39
416
148
331
128
568
428
57
590
35
42
261
301
198
370
532
37
19
230
114
733
27
230
14
257
139
181
173
200
220
6
316
176
98
1122
248
5
301
309
140
262
294
47
6
129
24
50
99
283
179
166
569
821
102
221
1119
95
132
136
160
290
365
190
164
254
171
5
100
100
178
316
159
43
84
299
920
233
4
69
6
485
60
85
5
40
101
837
122
4
180
898
449
404
552
83
353
193
111
154
148
60
71
96
5
674
453
229
522
277
8
413
38
226
270
51
10
272
124
154
1020
317
84
468
240
235
17
211
776
5
152
326
16
156
677
62
169
260
563
420
402
81
112
170
69
349
545
78
1290
309
207
13
324
129
107
494
597
53
16
106
17
56
11
90
292
322
416
338
333
170
327
183
42
15
250
514
76
662
5
139
464
185
72
150
159
5
37
530
40
562
4
64
132
58
940
231
22
377
248
355
65
392
517
9
912
95
213
193
52
156
257
250
376
51
11
74
234
299
138
4
81
6
526
132
84
156
18
382
223
620
299
164
465
396
5
301
399
135
304
534
294
886
444
342
112
222
300
156
29
79
138
35
824
326
234
100
184
13
64
32
78
738
571
141
380
236
740
122
255
226
5
122
1021
361
191
321
154
9
583
83
40
428
118
300
168
267
153
161
39
6
492
100
269
254
290
32
631
56
194
48
196
215
300
76
273
26
453
105
474
103
26
233
5
494
100
426
159
166
82
486
184
4
5
215
762
321
122
317
381
234
91
115
92
49
367
135
236
363
343
258
5
117
495
289
144
228
429
112
110
24
87
167
54
407
204
187
156
34
88
324
194
168
331
33
320
165
404
85
101
514
164
5
234
282
48
291
42
250
337
693
145
315
545
474
395
38
55
815
368
21
267
380
148
153
89
368
327
98
151
601
44
174
211
129
320
413
432
136
148
130
56
207
533
15
52
80
65
134
87
271
40
151
310
89
144
97
303
243
52
14
40
219
131
60
365
255
17
86
282
141
14
220
5
516
265
68
400
211
862
227
87
503
124
303
97
197
328
87
77
50
200
467
57
366
298
114
80
311
39
788
267
45
6
215
395
281
172
45
310
145
27
290
7
35
43
5
300
538
160
159
79
237
399
485
174
163
390
53
65
151
176
274
109
489
159
43
39
168
5
426
5
431
70
10
957
166
58
1103
23
27
322
625
161
18
944
284
63
160
617
10
185
394
237
46
318
81
194
110
260
6
112
420
316
30
224
173
525
147
96
12
450
178
123
230
8
141
105
259
398
1417
236
646
223
204
195
429
219
694
57
54
634
785
886
310
44
46
173
33
95
118
599
200
432
120
68
337
155
99
196
81
609
190
82
164
581
176
449
334
22
41
35
64
429
798
374
247
452
308
147
103
160
294
238
94
615
57
94
183
370
185
192
156
295
16
530
208
429
502
44
268
625
283
146
391
450
186
109
505
179
144
127
7
576
98
114
67
130
475
78
211
206
488
66
198
203
55
240
444
23
64
224
312
145
6
284
649
38
110
72
866
168
250
481
121
257
79
166
122
8
30
326
65
165
242
135
370
271
112
94
256
279
57
44
877
220
153
159
310
215
362
251
9
198
12
436
218
79
254
4
113
114
393
375
301
471
155
138
5
101
268
488
345
83
371
23
122
193
18
408
101
403
148
224
451
107
368
197
251
5
278
142
38
200
293
35
371
109
200
101
21
31
307
85
225
127
13
69
200
222
32
6
456
403
5
630
213
127
854
405
43
89
178
4
332
277
159
19
306
6
82
46
158
578
209
67
91
452
136
382
119
49
55
206
712
7
193
319
8
67
173
94
252
5
163
400
110
143
156
131
187
685
1259
105
133
145
7
428
303
653
167
244
203
259
506
41
403
572
70
7
38
243
1576
174
714
324
92
487
321
292
138
317
117
322
29
508
182
816
66
423
80
39
35
491
252
50
168
249
258
6
1275
871
36
212
90
933
323
198
138
26
759
1114
193
62
55
76
521
208
23
616
216
126
164
144
121
154
204
88
74
706
86
162
133
173
455
767
308
529
424
418
174
227
59
488
66
226
10
35
213
62
182
159
461
451
252
186
9
71
369
140
101
75
137
350
172
762
72
156
148
78
187
127
287
340
456
389
8
255
39
21
197
219
247
75
216
305
409
255
111
420
481
472
100
130
8
62
5
157
52
6
159
288
430
515
58
317
304
193
85
298
55
9
76
106
756
465
108
211
199
131
156
236
414
179
862
311
381
5
122
169
425
120
101
210
650
115
117
199
102
110
341
904
900
269
273
275
30
207
49
10
54
199
84
88
5
178
86
808
184
118
282
183
226
126
162
10
201
473
175
67
436
178
198
27
263
196
262
299
42
257
282
89
242
165
249
162
815
345
455
747
33
23
336
70
144
350
366
155
48
10
232
18
37
334
62
86
823
59
670
476
8
322
199
407
285
225
79
274
256
188
27
211
321
110
261
66
87
135
1732
19
149
306
188
50
659
196
4
330
65
106
40
469
448
1009
185
413
31
149
21
346
157
393
143
114
457
232
425
120
467
36
133
368
335
255
148
119
103
365
187
336
771
431
197
47
15
133
219
447
5
1140
419
399
302
400
167
204
144
403
283
134
70
184
473
409
147
10
164
370
154
248
920
50
310
377
465
197
100
65
76
205
39
12
127
378
558
400
118
94
34
186
191
107
330
43
399
160
14
245
238
573
211
215
5
117
222
167
154
636
31
242
82
454
178
41
389
865
258
994
126
276
291
192
263
202
342
316
209
548
419
151
442
110
426
8
183
138
192
99
15
145
415
784
4
119
161
1654
232
37
45
265
225
462
601
53
476
63
97
406
147
108
95
624
7
228
683
78
293
198
10
154
98
5
68
449
389
341
313
87
268
66
898
23
174
144
228
261
45
110
190
77
170
238
327
486
24
307
250
182
4
84
65
74
65
206
158
464
6
134
5
28
461
5
212
163
321
197
289
120
197
128
183
266
47
404
372
293
26
349
199
344
162
29
434
182
382
662
624
367
493
417
557
107
822
285
125
337
156
111
306
326
260
150
278
155
203
154
410
685
66
212
18
31
180
268
38
484
5
235
240
301
122
6
396
270
416
272
149
5
277
157
262
503
167
575
206
93
35
145
164
9
64
61
187
121
119
89
384
28
44
176
80
220
128
183
91
94
790
309
370
341
224
109
96
38
171
182
216
692
475
251
268
79
141
562
71
608
565
27
74
110
85
63
107
105
349
608
57
87
427
176
324
216
62
194
548
145
53
224
231
137
130
200
329
532
135
350
176
61
230
157
105
219
537
224
119
167
109
113
43
412
111
507
194
333
201
114
232
147
11
134
29
370
374
207
268
187
80
341
8
196
502
426
79
276
324
609
87
83
231
4
348
479
271
103
276
184
83
182
127
244
106
1176
6
46
189
170
75
995
165
193
564
63
138
6
161
128
20
561
293
5
222
330
24
447
92
130
597
415
84
146
43
135
247
377
21
325
213
154
373
45
616
22
362
341
143
132
64
596
135
294
101
190
144
62
9
173
246
162
63
366
57
158
176
195
233
109
61
208
125
284
136
312
22
199
177
80
532
265
76
190
601
155
9
577
187
933
1158
262
112
267
35
934
387
239
183
525
171
353
714
740
276
131
340
51
174
399
5
147
37
224
86
247
938
149
131
252
291
120
308
187
41
209
13
199
465
5
344
117
84
285
46
205
336
361
218
234
347
63
5
354
80
37
104
60
8
10
167
519
117
307
123
35
354
5
220
451
46
82
1219
200
208
206
444
81
236
134
425
54
217
173
222
328
332
245
83
417
253
97
42
57
85
291
227
373
280
729
189
45
437
336
126
834
1062
395
355
100
68
154
92
365
259
368
175
44
8
546
715
214
102
161
350
45
342
61
140
16
33
5
52
284
765
80
150
134
48
117
267
44
410
69
755
270
287
516
129
128
215
192
79
561
380
66
293
263
309
1626
89
239
214
310
248
90
326
290
14
241
17
301
5
104
213
198
51
638
456
43
211
350
433
19
166
417
135
147
306
147
99
213
4
286
186
346
159
36
176
255
18
44
284
239
286
305
418
305
30
143
143
56
92
282
306
89
160
221
39
483
191
128
49
122
131
332
191
9
51
325
477
45
54
107
78
205
1090
414
103
121
313
68
105
361
134
134
357
68
506
44
19
165
635
48
32
93
106
53
498
77
518
152
143
9
17
309
1185
183
240
6
149
285
175
141
91
222
28
66
311
302
86
256
185
627
212
217
6
498
28
641
190
184
305
237
70
295
255
132
557
96
19
314
332
180
145
485
38
126
78
6
151
219
138
255
93
21
90
348
11
152
39
318
259
122
392
177
526
333
254
95
65
225
26
134
51
460
204
62
30
277
349
273
32
178
173
29
343
313
176
176
329
9
189
28
10
417
106
255
178
136
43
158
77
128
20
233
104
51
8
227
470
403
159
306
340
24
382
552
5
453
175
346
50
169
21
19
222
263
37
38
418
259
772
547
230
129
133
88
562
171
507
487
90
85
182
308
299
88
87
343
103
1265
137
174
301
229
379
153
450
379
120
110
93
219
194
448
124
680
57
301
36
271
340
232
242
104
196
5
268
55
106
127
241
209
100
238
619
68
10
261
31
108
57
380
395
98
404
310
237
105
154
74
176
58
262
184
354
438
308
98
598
251
842
245
429
5
5
20
48
230
694
130
323
18
12
663
52
12
183
23
222
577
155
218
730
89
906
149
5
488
161
7
261
13
126
17
407
133
80
98
209
123
276
400
161
109
67
220
77
52
213
286
91
217
364
273
175
478
16
820
6
289
178
214
92
293
190
249
566
154
285
472
104
951
11
28
91
36
52
4
170
231
295
473
232
158
103
162
67
1036
188
32
459
238
76
416
25
155
377
420
358
13
329
701
14
75
370
399
1198
301
147
45
217
335
78
741
103
151
37
6
459
78
206
103
227
585
291
58
9
381
90
256
121
440
106
385
112
191
222
229
208
259
92
308
1169
88
121
55
107
184
21
484
796
319
99
277
392
4
827
254
124
88
98
119
146
404
102
847
14
98
20
84
4
802
761
123
103
420
283
224
7
27
5
140
287
761
274
108
475
91
309
420
36
8
158
262
58
911
204
6
193
662
136
9
151
97
46
7
301
136
256
194
312
764
391
182
156
207
368
388
425
562
15
126
135
96
325
105
135
257
92
5
187
133
427
342
362
329
337
157
9
417
253
427
5
160
224
76
489
10
266
508
20
446
188
24
142
132
130
167
418
85
53
5
285
161
8
284
269
282
839
263
210
30
60
433
194
14
266
398
147
60
117
61
325
104
485
149
129
180
186
123
37
338
117
245
150
111
2041
154
45
256
268
268
6
65
359
186
31
547
106
95
1291
166
293
682
112
177
11
494
287
446
302
38
596
104
244
197
35
803
387
78
107
208
127
113
305
120
73
7
115
217
243
238
478
99
226
284
45
113
109
1191
181
607
16
100
225
5
472
138
6
168
12
434
91
320
24
47
529
197
4
21
235
256
346
174
446
257
371
35
159
823
240
4
267
227
578
44
430
251
168
47
666
239
381
257
17
304
404
164
435
111
345
506
78
291
6
289
17
362
34
363
96
193
414
495
161
240
103
5
353
328
109
17
639
35
5
122
224
597
215
50
129
79
261
487
165
220
11
152
68
727
377
271
142
63
367
169
111
294
250
120
595
868
486
177
106
37
271
152
203
37
513
213
471
24
6
261
452
203
74
119
216
130
348
430
227
384
198
50
171
111
154
234
114
200
56
220
47
178
515
256
146
421
196
63
198
570
260
490
8
119
201
227
19
1071
232
13
270
56
340
274
20
90
1120
103
14
100
115
100
363
270
176
253
61
150
200
86
164
264
844
113
224
75
62
272
210
400
140
268
181
45
577
222
109
108
187
156
208
602
312
95
182
127
304
401
69
179
319
283
27
144
185
215
278
195
309
404
100
599
174
420
215
6
312
369
507
23
84
77
76
943
766
403
516
549
148
352
179
1082
259
12
319
291
517
322
464
126
52
452
442
340
395
255
148
206
63
1323
275
115
301
158
121
130
102
230
226
994
364
315
168
226
690
336
276
130
12
208
135
419
508
142
414
815
78
115
176
885
127
311
132
249
282
258
562
5
486
122
160
420
224
8
30
305
225
324
824
74
308
371
116
812
206
214
32
586
58
19
310
141
66
438
313
108
6
157
30
67
320
129
778
169
291
150
16
1215
171
119
190
1528
505
236
62
512
371
13
181
324
114
72
520
236
538
535
332
11
261
66
228
80
287
144
1700
181
417
324
203
324
170
615
214
172
314
340
65
12
492
166
616
157
638
231
314
153
171
55
157
359
23
143
203
457
152
10
5
424
378
287
359
180
5
121
182
103
44
77
395
8
331
367
1441
235
237
285
550
420
281
309
673
12
6
354
136
522
54
22
227
636
100
344
93
134
236
184
150
4
222
108
111
175
279
321
69
402
525
408
297
301
208
163
292
505
132
99
258
120
86
199
72
85
874
185
103
103
382
174
442
219
910
289
275
247
402
61
99
438
292
556
314
35
162
47
345
271
245
82
720
117
157
477
62
265
776
163
10
471
724
176
258
336
117
275
215
10
420
248
177
49
324
315
863
242
106
192
148
17
602
92
421
100
17
224
22
101
206
22
5
237
187
234
36
125
873
295
63
18
304
1116
236
101
265
576
163
419
92
423
447
4
309
59
118
604
465
43
41
109
37
103
279
191
126
340
7
488
79
264
6
133
307
6
260
179
352
489
74
322
260
45
142
50
560
285
173
100
310
341
101
35
162
186
511
25
234
125
194
227
154
184
155
59
596
186
50
702
125
80
632
60
77
118
219
590
282
96
267
345
380
139
751
98
594
284
162
27
36
66
206
241
142
512
133
297
428
479
34
7
138
200
265
353
290
340
39
154
4
438
173
292
481
405
597
118
314
306
95
948
134
398
458
248
82
207
232
801
5
210
164
973
213
217
335
259
99
187
154
278
249
349
185
74
71
8
302
5
84
236
122
750
122
64
162
173
722
335
536
652
248
324
273
253
90
110
33
119
647
112
4
116
90
1547
332
304
192
163
5
111
258
154
24
424
545
121
147
176
118
102
243
565
46
644
607
267
50
141
214
219
195
107
251
590
270
199
28
65
368
7
5
111
129
584
296
165
5
381
695
499
599
582
300
5
151
83
57
257
6
305
174
97
299
303
109
150
187
81
292
133
156
35
612
141
98
283
197
489
282
230
47
424
16
40
116
246
222
65
219
129
135
94
217
374
674
11
161
67
358
278
428
169
73
197
163
174
94
124
74
70
50
401
327
350
32
536
188
848
362
216
543
403
58
203
155
845
28
248
22
237
500
31
70
226
933
130
147
84
57
45
5
188
311
29
60
134
91
39
111
188
8
242
187
193
352
169
315
499
899
5
92
30
299
332
441
434
227
240
161
714
265
136
71
69
477
351
9
802
223
609
106
9
196
173
382
285
5
149
210
114
127
18
440
19
287
183
56
30
11
60
215
67
200
265
331
477
1148
249
351
91
216
154
91
16
6
323
386
129
225
203
29
307
409
172
370
77
39
180
196
230
166
250
193
177
120
28
133
395
112
158
29
272
7
57
899
9
37
103
6
355
370
39
116
37
124
35
98
191
227
1193
608
49
170
704
312
35
273
6
303
139
657
49
526
687
228
60
606
54
250
784
326
480
189
243
5
903
391
284
131
13
27
115
250
293
246
169
465
431
263
119
104
117
197
352
17
509
235
106
60
232
156
57
140
232
105
151
202
78
416
261
234
460
150
5
55
276
222
489
540
99
528
268
4
271
25
6
41
226
267
45
247
204
111
68
644
319
101
52
528
319
23
18
74
786
118
332
250
245
238
357
249
573
86
10
857
297
317
112
150
376
73
211
226
352
54
692
366
146
342
197
334
109
97
287
1036
39
11
291
26
265
278
364
19
517
14
106
311
168
214
139
475
89
1774
118
49
266
146
825
91
210
159
264
490
516
105
691
475
146
7
336
206
672
450
139
349
223
11
401
336
72
779
67
172
530
276
419
334
491
665
195
64
153
95
141
216
32
346
36
177
130
242
448
306
97
90
942
18
395
11
85
299
424
311
95
196
90
105
199
5
141
769
35
369
5
86
143
95
23
622
323
47
239
66
198
209
93
160
50
29
245
17
1021
333
187
82
528
65
237
226
266
9
106
284
60
180
81
55
4
7
79
10
337
379
305
129
345
272
31
196
126
46
63
5
764
756
213
163
245
288
130
5
172
111
100
43
207
582
55
401
145
49
249
196
242
301
121
355
172
287
293
179
512
188
827
521
29
135
245
5
244
610
95
1375
99
82
27
269
860
496
126
114
128
270
242
6
133
62
6
133
942
81
201
146
89
42
221
430
649
15
208
69
173
503
206
126
73
447
347
686
191
197
789
10
13
385
203
129
92
105
166
55
237
38
210
256
201
232
32
291
65
96
317
133
94
462
259
669
135
553
4
278
196
77
518
456
186
201
90
65
61
81
182
637
550
8
399
94
98
81
599
192
110
175
86
245
122
113
299
78
145
26
454
388
161
326
464
451
212
946
378
65
339
271
299
127
441
256
5
404
285
534
304
74
183
23
72
40
17
249
76
215
312
205
229
980
250
849
228
267
5
271
81
305
263
71
330
244
111
221
618
216
131
80
474
129
366
365
146
27
339
50
126
195
56
303
42
169
79
4
998
264
374
52
955
314
756
49
141
9
199
5
221
385
232
83
9
201
149
220
205
152
595
145
682
32
684
209
14
256
156
232
523
5
105
6
384
345
258
499
79
152
36
412
131
8
203
142
500
220
268
83
86
72
88
268
184
111
396
31
368
103
542
183
625
254
60
524
75
11
413
70
4
116
452
315
153
257
199
147
359
70
139
210
312
84
45
399
6
5
172
296
365
115
236
230
39
482
4
557
56
188
96
22
77
542
128
177
737
79
58
500
253
59
246
66
243
417
60
109
282
222
194
194
136
143
232
128
236
29
403
135
297
560
132
357
340
5
159
83
254
13
232
354
1459
108
81
84
697
252
238
6
96
5
328
338
823
202
51
141
357
136
236
38
620
23
830
70
303
347
106
67
39
509
336
412
325
85
103
655
100
325
5
142
285
353
132
188
125
150
348
13
68
48
5
332
155
1031
252
5
224
216
402
37
223
16
44
93
139
41
300
40
944
121
476
303
216
519
231
381
395
457
42
124
200
164
429
648
259
26
8
58
40
475
115
18
473
57
390
89
110
105
162
112
69
237
389
69
619
222
155
182
202
8
75
57
5
9
314
198
70
19
73
283
333
296
304
276
8
159
87
323
181
83
528
260
32
322
10
315
151
9
240
495
240
48
267
80
268
322
76
8
208
153
310
100
60
281
428
5
285
48
201
5
106
201
144
18
6
287
131
6
55
726
687
306
256
102
353
166
403
313
5
553
127
63
61
343
250
358
243
21
16
303
222
78
514
141
10
382
1196
175
342
125
5
495
219
32
81
8
78
41
182
540
165
753
25
20
6
215
162
523
194
171
179
630
26
43
715
284
234
371
309
103
164
221
539
504
26
434
257
134
675
238
112
271
444
383
230
130
293
476
169
75
44
168
149
185
539
304
381
132
49
326
382
159
62
562
107
683
66
1112
167
215
458
86
35
133
521
160
634
5
422
329
462
402
61
79
557
111
100
203
67
5
688
219
511
800
17
110
83
240
195
149
108
55
321
348
18
76
258
5
387
87
9
391
13
208
196
6
110
373
93
22
4
268
769
388
94
104
111
10
359
5
129
464
186
103
113
47
318
92
427
26
140
280
273
79
134
149
816
572
348
39
53
265
120
576
1089
155
226
156
40
310
315
187
107
50
66
131
20
203
555
468
173
260
603
293
272
148
89
117
173
8
527
572
14
255
34
227
160
237
261
87
188
16
97
82
40
374
8
226
104
35
10
6
91
207
202
146
249
436
704
5
332
813
90
6
199
129
49
207
11
91
225
489
729
763
275
335
379
101
211
311
93
246
154
379
133
173
287
338
5
397
283
284
79
320
161
5
239
357
9
5
195
198
278
497
278
515
168
623
24
121
249
392
7
35
11
115
354
314
486
47
578
360
257
96
179
145
171
162
254
163
465
413
691
270
205
76
7
291
249
344
10
284
98
174
542
108
190
5
316
69
686
77
28
328
130
207
151
113
5
437
550
176
435
1375
480
376
125
40
270
66
429
141
30
131
357
115
501
631
68
317
794
144
165
13
392
642
242
477
32
82
10
225
16
139
127
466
55
641
17
324
318
162
263
170
131
72
206
296
317
50
197
5
748
9
145
244
79
359
236
210
237
117
78
387
375
239
4
240
311
168
104
1167
128
252
509
253
299
226
259
322
388
185
293
115
157
682
293
233
337
403
180
144
774
349
232
203
233
157
43
129
52
360
260
27
180
409
550
116
91
241
503
251
84
93
246
69
196
651
437
505
203
168
506
5
221
36
4
313
21
304
4
145
641
804
269
198
51
373
61
137
305
7
57
185
11
194
288
84
359
118
77
217
137
137
123
57
360
116
10
266
60
129
26
656
42
57
56
550
421
83
237
98
5
41
90
127
7
352
226
69
79
182
78
298
65
373
67
83
13
15
5
91
155
28
249
1150
655
147
271
854
260
119
243
92
21
13
1175
89
603
32
382
96
230
329
303
81
53
113
44
30
76
88
534
269
15
894
10
14
190
484
143
290
13
168
171
297
291
281
142
298
12
239
104
214
139
6
54
252
101
113
369
410
96
340
124
172
81
589
426
222
143
838
84
93
293
186
113
268
361
360
146
390
27
275
57
119
228
307
150
124
66
8
75
327
437
323
214
203
258
278
358
75
125
1290
263
7
234
146
256
68
4
17
288
79
413
304
161
353
524
90
87
197
5
26
126
75
158
23
330
152
421
311
27
209
605
304
314
540
371
466
186
138
136
809
94
361
16
128
220
6
88
407
143
213
192
95
89
195
267
1084
445
99
121
532
128
91
671
22
190
433
37
183
138
604
84
405
221
81
586
37
343
527
94
834
5
5
133
10
194
737
189
451
368
117
214
243
236
121
282
427
207
474
14
439
313
19
205
396
455
100
160
355
434
121
12
248
98
312
11
412
101
125
232
91
330
29
46
311
22
69
304
44
292
444
296
220
26
457
66
150
62
147
185
222
71
203
73
118
451
286
93
333
214
350
239
166
329
221
79
120
48
322
270
176
534
26
433
109
195
709
5
296
48
120
42
423
399
160
119
203
358
243
411
208
200
99
190
120
31
15
399
158
156
466
409
189
222
57
771
173
251
96
31
5
114
115
9
7
750
115
94
250
377
149
445
328
474
444
782
161
13
81
196
140
332
211
184
170
399
160
11
97
116
21
360
315
176
386
155
145
14
66
292
128
352
468
370
168
513
5
161
13
488
49
53
737
782
270
1011
232
310
199
191
131
88
877
781
273
57
264
69
65
324
104
309
115
236
248
48
208
727
514
412
1191
190
444
87
151
510
237
275
525
183
133
129
363
121
47
751
313
36
8
8
35
21
625
279
41
32
177
211
294
132
102
242
72
274
938
320
132
146
6
83
281
202
175
91
387
32
409
204
86
128
161
462
132
184
662
153
23
137
124
264
163
61
58
110
10
500
32
392
35
220
75
99
456
588
222
170
581
593
136
200
213
277
291
375
128
196
77
175
1341
227
8
1191
21
333
311
132
308
354
33
48
323
216
19
221
848
32
549
132
164
126
401
330
474
184
135
8
5
316
91
404
271
262
371
247
70
110
296
147
5
6
442
59
192
207
255
264
75
236
160
591
212
182
253
93
337
41
126
86
153
497
429
188
94
7
211
223
207
5
203
150
10
67
456
6
369
47
480
322
214
8
196
241
386
96
383
46
10
7
27
206
567
304
273
130
394
819
718
139
146
232
328
56
687
264
296
101
227
249
88
30
389
259
542
194
5
187
211
59
544
156
48
5
740
42
187
374
231
533
113
191
231
241
161
144
494
105
198
9
163
70
187
175
86
159
137
133
401
27
232
107
411
150
317
191
247
350
121
282
107
349
278
4
848
123
89
465
157
67
143
361
5
146
83
99
162
928
78
249
7
52
272
118
179
45
244
174
288
315
30
154
165
424
203
418
160
148
67
370
45
78
8
81
431
93
74
254
158
183
382
6
173
353
251
148
197
480
171
242
109
453
9
39
140
100
123
214
138
54
40
197
357
266
315
215
684
167
122
111
192
1509
333
131
177
90
110
377
102
43
277
228
59
368
9
265
459
486
174
160
209
7
362
109
506
106
386
315
19
196
389
4
162
237
498
56
179
448
257
155
326
197
210
384
189
223
368
4
137
108
450
36
563
23
60
119
166
322
299
9
6
26
306
252
47
168
205
13
5
213
528
39
301
63
107
1120
526
206
316
53
211
316
476
248
96
371
302
107
140
69
138
517
135
63
406
5
218
167
216
114
156
154
28
139
355
420
52
213
247
70
331
215
262
279
122
266
9
119
23
197
277
76
378
178
749
733
6
220
751
330
116
607
167
340
315
456
51
195
12
136
245
224
537
5
43
444
354
144
88
274
82
71
10
370
144
279
213
570
38
818
192
92
215
545
205
74
28
583
327
310
484
31
961
218
102
561
13
234
5
340
169
556
202
192
859
277
91
31
177
48
107
38
485
456
4
155
336
41
4
186
76
227
312
36
480
22
304
70
122
443
540
309
32
47
366
492
267
133
509
294
316
157
165
55
560
1219
21
34
471
542
329
17
288
241
65
327
339
56
155
4
416
180
274
318
327
262
339
597
102
255
262
50
88
221
359
527
266
263
253
113
172
552
421
323
119
713
15
587
105
366
432
200
68
46
289
100
8
115
44
72
395
800
11
448
263
273
31
209
40
672
178
222
121
158
332
628
596
224
313
55
169
149
425
14
81
255
165
457
230
97
289
25
63
1172
16
122
53
31
15
211
135
157
248
162
281
306
182
70
128
92
319
400
211
126
197
208
16
206
427
432
297
152
6
67
237
678
34
118
210
45
1213
253
284
518
103
361
687
150
172
51
4
224
91
206
206
14
715
59
123
71
5
147
9
380
343
291
166
6
38
218
139
332
217
152
101
110
786
124
8
135
378
65
144
69
125
84
74
305
4
203
147
182
189
86
685
320
157
329
168
151
4
106
303
539
45
251
28
254
70
253
157
83
272
164
217
4
308
706
921
173
658
130
161
137
65
4
266
96
183
102
604
375
63
11
198
144
39
236
84
795
15
127
245
239
141
714
7
18
121
25
108
513
356
144
56
683
63
194
44
257
369
358
64
273
48
355
38
174
470
329
68
77
126
164
108
397
101
718
63
79
814
20
48
15
100
191
318
82
226
437
664
278
339
333
58
504
396
221
311
103
295
223
115
10
174
24
95
144
262
218
94
198
440
526
503
242
113
81
984
521
620
449
7
229
457
540
63
316
59
233
44
95
5
418
107
221
5
254
168
68
148
7
134
53
140
423
507
101
306
365
405
290
135
187
18
360
331
23
146
135
93
519
109
93
71
93
72
254
61
180
220
310
43
167
224
100
118
146
170
180
544
112
304
465
185
285
211
38
220
315
175
124
209
526
323
5
245
150
404
714
77
244
132
41
166
96
234
112
423
351
200
177
245
109
67
345
9
309
188
94
281
746
223
108
95
65
321
5
131
6
129
987
281
182
352
47
319
47
450
221
66
223
152
51
199
47
95
173
542
470
42
310
396
167
516
265
92
92
4
155
255
405
43
5
181
276
5
168
376
51
8
454
218
199
187
603
46
76
107
386
216
857
50
166
396
68
292
110
295
152
39
43
7
33
36
277
1017
108
285
101
191
819
472
125
120
309
92
617
378
363
105
687
241
19
5
169
490
375
754
232
140
217
391
313
125
320
288
385
153
105
154
224
484
75
400
577
278
474
107
169
276
159
262
480
5
52
488
67
36
96
1435
199
9
195
332
392
149
421
38
89
425
268
245
83
474
124
6
214
359
272
165
166
333
130
96
285
71
5
73
395
106
227
84
183
253
196
143
280
182
5
117
224
62
211
104
78
294
228
138
152
271
450
217
70
181
477
123
236
287
683
478
291
142
212
638
320
300
18
277
52
524
163
203
318
230
577
725
225
59
106
103
70
246
123
278
93
86
5
125
209
318
233
100
58
256
348
42
297
40
6
161
105
393
441
294
78
341
701
451
222
559
224
163
94
98
19
356
485
220
600
57
9
162
378
73
209
346
208
2076
153
438
46
755
224
34
282
54
158
428
166
373
93
370
120
23
64
65
158
154
304
204
678
251
52
306
211
192
112
206
240
8
21
457
173
323
266
109
282
69
954
324
540
320
12
603
388
496
777
340
112
158
60
1003
18
650
335
140
130
281
248
406
15
133
625
219
230
297
406
815
31
82
332
429
145
111
111
249
65
9
751
117
6
155
77
18
679
231
225
157
188
325
47
208
124
575
334
135
58
477
439
89
106
71
24
38
116
182
21
292
100
118
381
20
291
113
156
115
1271
50
57
8
93
53
474
24
154
385
291
249
113
110
6
543
296
5
622
743
290
196
388
342
222
315
9
124
206
85
32
129
201
312
5
155
178
123
20
292
33
746
94
294
501
208
70
99
36
251
17
122
392
613
514
132
192
157
52
190
16
68
108
512
283
186
118
61
15
457
75
318
316
411
65
209
104
204
401
372
352
98
433
39
238
299
395
734
60
8
123
331
1143
372
217
69
304
586
229
138
487
196
142
14
701
1046
330
295
316
167
659
871
249
595
329
305
568
258
276
5
86
22
5
377
298
456
91
191
155
89
36
184
183
165
212
257
70
259
365
25
462
29
145
114
240
30
142
228
17
83
74
262
10
264
362
31
598
75
166
220
100
225
416
510
246
113
43
87
148
23
196
110
229
1225
18
218
19
453
154
145
306
188
301
44
216
247
28
49
553
170
438
403
338
419
273
285
456
580
65
231
421
137
89
58
297
55
221
243
365
164
595
79
168
605
101
5
38
455
770
174
528
80
238
261
154
33
5
70
107
71
70
201
199
70
382
5
91
282
130
18
9
754
179
87
179
161
193
437
9
76
106
120
397
131
118
217
432
343
110
206
338
142
7
70
33
5
268
627
5
396
242
73
55
166
52
5
308
166
190
179
433
21
373
350
291
352
67
64
38
161
296
509
288
4
299
135
136
18
399
113
90
84
5
184
208
446
126
333
116
228
143
322
1272
5
5
221
10
337
923
179
235
438
415
304
136
122
197
155
297
290
145
88
126
5
309
112
239
782
93
25
380
351
136
281
186
27
311
1091
313
662
507
375
273
658
118
254
181
214
1132
244
302
24
215
38
15
258
246
97
5
83
62
330
399
8
217
96
276
502
53
170
59
436
422
730
135
259
168
85
120
98
233
257
391
126
123
248
4
72
578
5
678
401
133
303
413
115
589
215
161
386
106
130
266
1213
33
9
194
524
6
113
161
79
648
674
1691
39
5
69
596
59
808
492
654
129
24
216
272
4
477
107
77
301
195
67
28
21
178
473
255
106
11
24
161
312
117
98
118
173
344
128
559
22
173
313
175
177
170
42
229
15
233
413
24
597
253
97
197
14
254
56
204
35
101
64
150
317
142
27
16
5
78
267
144
28
441
212
109
230
8
118
611
77
252
475
276
374
559
737
130
10
129
23
80
184
193
107
416
78
404
565
361
129
380
267
216
386
245
392
88
276
301
11
137
172
183
225
91
114
224
364
59
343
42
190
133
97
393
44
237
12
62
425
144
579
5
277
125
350
456
204
90
31
62
606
73
645
104
286
276
39
221
164
120
197
29
173
216
273
152
114
495
10
223
11
17
131
108
215
211
730
652
459
248
55
5
38
227
768
282
171
37
147
4
46
104
237
246
97
266
79
248
54
277
363
98
86
86
97
214
798
108
165
55
16
216
104
1006
499
103
73
182
11
126
158
194
115
201
11
70
306
52
141
304
67
591
134
480
192
433
53
159
18
442
345
154
237
98
26
64
5
149
47
359
46
149
408
395
31
72
92
31
64
125
27
236
890
30
317
48
812
173
528
99
555
34
266
187
178
73
119
470
7
218
123
126
7
28
509
277
470
569
186
276
680
206
131
233
369
431
547
490
295
295
160
324
145
479
5
67
333
732
71
51
168
393
709
635
47
149
71
282
265
125
124
19
30
151
621
41
492
300
24
172
407
243
229
253
431
177
206
6
224
74
163
246
424
190
148
102
544
561
5
10
41
162
145
431
297
361
91
6
61
886
602
434
212
675
45
218
389
98
92
294
316
275
207
579
10
129
331
188
417
136
98
318
227
174
1595
274
375
76
23
29
114
57
8
307
505
47
147
25
346
35
357
411
14
241
314
477
198
142
44
104
45
284
205
233
132
16
156
319
83
533
196
494
76
122
360
378
335
42
778
52
36
1024
118
276
68
146
25
518
113
261
373
15
165
145
435
54
9
918
770
63
448
465
671
357
498
491
194
124
288
63
8
315
397
155
447
672
47
226
168
92
66
464
287
81
52
18
192
483
117
189
71
19
394
626
570
31
153
305
141
19
104
142
366
1041
39
293
71
219
343
4
19
28
114
95
294
403
286
57
466
119
32
348
21
223
72
459
425
105
358
179
61
85
238
396
170
71
286
536
220
274
121
258
13
177
377
246
7
75
15
164
210
155
97
83
100
224
151
269
115
228
241
11
190
394
365
71
312
196
376
572
454
273
274
123
76
101
418
106
203
325
194
92
48
5
157
460
5
354
151
120
351
94
73
45
55
98
148
231
468
460
431
148
104
16
129
7
94
7
6
402
312
87
4
6
98
227
198
9
534
360
82
175
179
351
579
367
267
14
326
192
7
160
100
4
282
247
88
127
344
235
104
478
199
386
78
123
563
371
491
107
133
118
51
123
680
503
165
149
227
338
90
35
77
6
287
174
94
132
465
589
451
285
112
45
279
33
13
130
612
30
170
47
24
539
170
53
11
75
201
156
134
446
46
143
552
199
80
256
109
180
106
401
503
10
219
112
76
127
377
158
300
93
533
424
1264
207
54
231
25
24
1093
139
619
170
202
819
350
67
9
103
52
177
512
222
573
457
514
83
159
265
712
170
359
428
344
48
245
104
111
562
38
159
74
578
501
574
424
320
355
259
128
87
44
115
5
309
575
143
6
151
361
33
844
19
130
118
99
31
338
528
297
95
5
89
190
309
396
49
68
173
488
495
415
62
15
610
249
75
374
252
380
66
322
753
58
180
171
70
175
533
271
486
308
390
13
103
153
199
194
6
89
629
215
215
591
179
67
173
472
177
239
80
75
762
107
235
153
99
197
387
342
28
153
480
174
72
4
207
327
297
89
412
267
497
60
378
235
269
119
174
61
279
126
83
240
183
18
4
671
209
220
170
141
271
291
435
92
149
48
444
482
322
334
107
642
144
94
258
26
448
355
150
359
4
486
42
355
252
8
360
111
253
95
175
103
31
194
1717
176
68
157
216
145
26
5
381
111
123
48
296
555
417
67
224
740
334
161
1528
22
268
568
72
172
248
30
21
119
284
283
157
79
417
613
165
167
161
333
44
155
80
251
12
55
259
427
137
187
148
263
390
96
464
1187
103
37
1124
106
95
197
794
143
288
175
81
100
167
95
385
105
11
131
136
538
300
110
263
333
61
65
273
223
81
627
170
175
71
152
278
179
544
10
19
93
4
98
135
312
318
137
211
152
250
234
234
332
175
485
106
169
596
4
1287
99
394
118
1194
28
17
558
5
851
194
392
43
99
243
409
649
81
1006
257
30
1342
450
193
398
187
133
105
338
142
80
203
163
473
531
328
175
345
53
188
24
570
376
290
320
322
130
301
44
26
492
336
296
88
300
314
95
9
309
1727
87
167
23
156
535
103
124
5
222
104
113
95
19
601
362
71
140
317
5
520
14
7
114
10
17
48
5
141
178
9
142
257
228
243
193
292
367
91
308
85
112
4
332
61
56
78
279
75
135
6
630
116
6
264
179
313
174
249
45
382
1317
120
127
540
110
316
184
73
222
34
653
106
206
392
108
355
108
253
377
122
550
344
5
218
120
4
145
41
336
116
244
329
146
249
722
5
394
165
686
94
96
388
322
651
173
45
5
309
278
163
291
224
161
248
266
428
36
9
327
142
922
32
60
71
124
23
32
339
279
75
148
213
797
148
566
490
470
110
150
108
67
455
595
22
812
409
669
643
387
468
50
211
41
91
8
899
206
142
193
202
228
418
144
56
18
118
115
238
123
242
183
205
207
286
158
390
387
178
296
301
117
233
97
303
196
261
293
493
283
118
54
296
26
607
89
141
381
155
28
374
5
208
289
207
78
229
44
137
435
607
4
85
287
182
327
391
117
166
431
210
136
414
505
1330
49
190
56
196
18
674
155
51
105
127
431
163
314
112
87
4
143
377
54
155
199
263
376
171
254
299
9
75
349
70
116
180
5
487
87
364
102
55
72
221
221
85
646
182
297
193
133
188
132
125
174
409
66
316
42
4
5
334
351
125
26
726
267
334
262
66
290
282
77
199
694
141
204
142
459
658
220
90
456
332
134
75
2211
332
252
69
118
169
141
5
144
230
886
241
89
14
34
316
84
318
944
638
319
492
4
44
101
237
188
117
485
436
175
227
781
13
58
207
173
81
89
179
157
99
178
75
341
209
91
322
115
306
274
370
527
134
160
797
232
156
12
265
75
126
301
200
262
9
56
48
97
95
5
11
248
105
411
194
133
217
396
48
359
269
232
100
29
38
202
162
592
691
369
30
176
292
451
136
296
30
267
135
74
369
115
547
15
363
12
120
620
60
335
26
5
51
302
133
60
271
493
88
5
115
358
113
11
308
80
170
459
149
514
26
16
244
672
288
608
772
110
434
4
58
293
31
521
121
84
136
179
5
592
184
37
102
17
318
31
561
656
49
49
234
5
310
225
5
108
256
181
527
308
150
466
637
99
693
8
101
174
416
236
85
483
71
188
377
110
126
264
652
5
70
313
70
44
1904
8
34
87
163
322
274
633
240
52
87
209
272
54
278
301
60
417
885
130
38
9
28
22
76
221
99
263
223
409
297
308
113
412
524
270
72
764
317
5
457
381
509
29
154
223
27
213
251
19
51
276
126
114
162
8
374
61
198
33
281
202
70
17
207
107
20
351
43
148
78
10
376
639
104
195
476
666
256
23
362
527
986
97
349
37
42
525
101
216
71
177
128
64
69
282
354
131
413
199
52
250
457
1099
79
232
15
54
117
54
159
139
161
27
95
319
265
119
105
1127
124
115
132
803
579
300
196
292
337
73
80
202
381
343
491
7
4
125
268
172
9
4
192
120
769
262
63
156
545
59
196
148
678
46
148
329
411
103
171
61
363
15
302
24
140
123
161
24
177
150
408
652
210
82
21
63
259
4
65
6
71
214
309
175
61
226
327
1090
88
550
334
335
40
263
279
37
54
486
147
842
99
154
23
50
89
318
215
119
328
257
426
343
8
447
18
304
63
5
713
172
100
336
152
173
301
809
196
60
388
124
177
507
373
25
500
70
301
342
46
171
116
347
141
312
759
402
362
145
160
163
498
278
344
127
43
20
166
660
92
55
122
605
34
396
18
94
551
302
200
222
347
89
4
168
373
353
3
284
52
100
148
307
32
75
26
581
163
138
649
411
179
488
298
105
309
229
606
312
85
535
131
355
111
158
4
325
495
116
67
92
536
83
263
105
746
310
247
172
51
6
327
293
403
243
121
1142
535
209
117
27
341
161
262
59
407
376
247
219
89
7
7
35
700
405
339
410
286
71
151
110
705
212
754
404
189
73
495
410
438
69
162
296
203
704
6
146
105
696
649
222
367
878
115
16
109
113
252
67
373
188
533
176
637
159
181
126
148
263
458
167
269
38
56
814
138
330
43
324
273
195
76
38
61
69
697
92
579
289
411
252
260
1048
359
5
250
232
382
544
7
86
85
322
247
260
464
122
268
75
694
433
273
228
239
394
120
500
85
439
86
66
323
185
191
170
169
277
89
139
405
641
261
41
206
200
336
6
91
15
231
204
141
301
128
66
9
6
755
184
693
479
66
261
19
194
9
48
12
83
231
252
785
398
124
528
347
147
488
155
152
7
290
145
81
124
213
203
106
914
338
450
450
175
62
299
199
511
388
317
257
55
361
163
104
669
229
441
185
194
325
185
282
249
462
95
494
150
69
160
24
35
88
332
212
82
331
135
461
156
289
137
150
13
159
70
142
91
5
236
274
13
609
177
155
232
59
206
154
153
144
7
259
112
74
397
418
221
86
6
109
9
197
99
113
88
26
7
410
224
246
192
331
285
86
308
164
211
5
183
45
574
114
362
190
188
100
185
123
21
79
473
302
123
86
164
492
180
387
436
277
260
200
148
433
181
434
522
473
292
75
125
444
182
522
4
152
265
115
433
38
202
80
309
71
724
138
119
79
98
410
194
268
398
521
378
80
381
47
222
120
474
251
324
7
108
57
280
156
338
260
140
546
195
152
361
138
189
380
283
122
140
118
206
489
110
226
81
181
151
4
350
295
252
5
226
442
189
528
153
201
220
6
20
257
438
198
385
681
576
553
206
485
110
81
254
331
360
202
364
70
710
31
26
177
15
241
313
621
122
5
98
336
232
246
204
257
281
364
541
124
467
247
115
122
48
427
42
226
306
54
15
506
226
294
47
398
339
40
89
520
171
105
31
11
214
337
96
78
148
165
127
159
16
70
151
103
469
238
222
39
309
156
371
195
210
67
66
355
70
6
129
190
126
484
75
51
6
79
303
78
27
47
407
323
296
473
20
476
277
226
144
23
311
253
137
169
5
197
408
436
151
10
59
200
428
207
122
94
7
322
50
136
113
367
165
134
199
306
74
66
151
616
6
1481
477
47
24
65
215
27
755
98
11
19
150
600
4
37
410
201
61
139
257
225
173
136
281
1129
19
117
302
151
127
6
57
14
477
183
489
5
207
108
224
171
637
306
35
18
61
595
365
468
108
237
4
24
124
152
608
162
342
350
288
269
211
128
268
785
110
426
28
391
247
53
548
52
132
129
62
160
45
32
112
380
286
292
426
360
55
249
39
328
163
5
541
385
4
106
85
63
16
467
212
331
1023
207
205
16
329
447
626
183
129
457
91
5
183
138
116
253
671
134
45
86
77
123
222
87
176
372
77
73
260
474
6
151
182
1050
95
198
382
124
208
133
179
254
281
113
220
138
265
172
133
451
341
225
267
43
372
30
214
225
6
7
91
60
254
5
5
302
268
380
179
52
78
222
955
208
299
353
182
137
99
7
236
17
385
29
305
105
161
526
205
17
420
88
1171
162
46
231
76
166
268
123
687
618
231
375
16
6
64
130
218
237
306
61
60
985
93
382
263
267
146
209
854
625
545
169
5
679
333
82
538
464
627
193
28
470
159
36
346
188
177
463
11
150
80
151
334
65
167
399
176
46
766
92
273
90
157
144
361
253
16
525
177
347
172
646
169
723
339
8
140
57
273
374
148
287
69
6
71
262
379
293
94
4
103
129
148
201
328
35
107
52
249
235
110
37
90
142
85
331
103
5
243
125
37
6
130
22
103
127
513
224
340
75
986
396
23
320
498
16
235
130
439
388
131
199
123
9
133
217
509
208
404
368
75
155
442
66
432
46
127
341
25
176
676
655
8
65
274
177
144
222
22
157
279
601
11
633
831
5
173
975
806
94
301
449
175
250
227
85
265
46
189
283
7
502
2092
308
47
126
437
82
177
138
65
81
218
63
377
148
400
14
356
345
179
86
166
175
342
108
220
412
90
24
4
61
56
478
103
110
62
239
131
24
52
52
213
146
26
45
269
125
297
153
393
103
406
442
388
402
161
285
24
258
283
188
17
61
212
390
95
109
241
25
290
245
60
584
189
188
148
428
421
262
385
57
674
307
90
260
198
187
42
126
92
18
745
110
106
34
631
104
26
140
85
428
34
50
5
154
808
475
9
390
17
78
63
93
154
110
59
370
311
195
235
479
33
6
228
5
151
300
39
427
1076
276
82
195
136
261
28
359
52
740
177
93
104
322
194
161
492
483
8
194
7
220
140
117
200
34
141
22
304
675
116
161
172
146
129
426
66
17
