2 1 1.0463
2 2 1.255
2 3 1.4287
2 4 1
3 1 1
3 2 1
3 3 1
3 4 1
3 5 1
3 6 1
3 7 1
3 8 1
3 9 1
4 1 1.0098
4 2 1.0855
4 3 1.2309
4 4 1.3604
4 5 1.5349
4 6 1.6616
4 7 1.7207
4 8 1.7975
4 9 1.7503
4 10 1.569
4 11 1.3651
4 12 1.2005
4 13 1.0681
4 14 1.0153
4 15 1.0006
4 16 1
5 1 1.0047
5 2 1.0246
5 3 1.0671
5 4 1.132
5 5 1.1423
5 6 1.1562
5 7 1.1304
5 8 1.1153
5 9 1.0916
5 10 1.0772
5 11 1.0713
5 12 1.0701
5 13 1.0571
5 14 1.0404
5 15 1.0492
5 16 1.03
5 17 1.0245
5 18 1.0234
5 19 1.0107
5 20 1.0082
5 21 1.0011
5 22 1.0001
5 23 1.0001
5 24 1
5 25 1
6 1 1.0028
6 2 1.0415
6 3 1.0788
6 4 1.164
6 5 1.242
6 6 1.2008
6 7 1.2592
6 8 1.1924
6 9 1.1652
6 10 1.121
6 11 1.0812
6 12 1.0521
6 13 1.0319
6 14 1.0283
6 15 1.017
6 16 1.0212
6 17 1.0145
6 18 1.0193
6 19 1.0115
6 20 1.0137
6 21 1.0134
6 22 1.0129
6 23 1.0075
6 24 1.0066
6 25 1.0066
6 26 1.0033
6 27 1.0033
6 28 1.0007
6 29 1.0008
6 30 1.0002
6 31 1
6 32 1
6 33 1
6 34 1
6 35 1
6 36 1
7 1 1.0009
7 2 1.008
7 3 1.0353
7 4 1.0561
7 5 1.1152
7 6 1.1379
7 7 1.2052
7 8 1.1818
7 9 1.1626
7 10 1.0995
7 11 1.1166
7 12 1.0439
7 13 1.0451
7 14 1.0285
7 15 1.0232
7 16 1.0082
7 17 1.0062
7 18 1.0019
7 19 1.0082
7 20 1.0017
7 21 1.0019
7 22 1.0029
7 23 1.0035
7 24 1.0017
7 25 1.0018
7 26 1.0016
7 27 1.0044
7 28 1.0013
7 29 1.0055
7 30 1.0009
7 31 1.0016
7 32 1.0007
7 33 1.0004
7 34 1.0008
7 35 1.0003
7 36 1.001
7 37 1.0005
7 38 1.0002
7 39 1.0001
7 40 1
7 41 1
7 42 1
7 43 1
7 44 1
7 45 1
7 46 1
7 47 1
7 48 1
7 49 1
8 1 1.0006
8 2 1.0091
8 3 1.0174
8 4 1.0873
8 5 1.0892
8 6 1.1221
8 7 1.1748
8 8 1.2044
8 9 1.2405
8 10 1.235
8 11 1.2132
8 12 1.1713
8 13 1.1264
8 14 1.1028
8 15 1.073
8 16 1.0421
8 17 1.0461
8 18 1.0214
8 19 1.0077
8 20 1.0152
8 21 1.0051
8 22 1.0032
8 23 1.0028
8 24 1.0011
8 25 1.0045
8 26 1.0014
8 27 1.0014
8 28 1.0018
8 29 1.0024
8 30 1.0017
8 31 1.0019
8 32 1.0003
8 33 1.0009
8 34 1.0007
8 35 1.0015
8 36 1.0013
8 37 1.0011
8 38 1.0025
8 39 1.0013
8 40 1.0016
8 41 1.0018
8 42 1.0015
8 43 1.0012
8 44 1.0006
8 45 1.0011
8 46 1.0003
8 47 1.0003
8 48 1.0002
8 49 1.0004
8 50 1.0002
8 51 1.0001
8 52 1.0004
8 53 1
8 54 1
8 55 1.0001
8 56 1
8 57 1
8 58 1
8 59 1
8 60 1
8 61 1
8 62 1
8 63 1
8 64 1
9 1 1.0004
9 2 1.006
9 3 1.0138
9 4 1.0403
9 5 1.0808
9 6 1.0979
9 7 1.1672
9 8 1.1933
9 9 1.22
9 10 1.2797
9 11 1.2477
9 12 1.2226
9 13 1.2017
9 14 1.1903
9 15 1.1527
9 16 1.0962
9 17 1.0843
9 18 1.0466
9 19 1.04
9 20 1.0287
9 21 1.0188
9 22 1.0192
9 23 1.0177
9 24 1.004
9 25 1.0062
9 26 1.0022
9 27 1.0023
9 28 1.0016
9 29 1.0013
9 30 1.0007
9 31 1.0006
9 32 1.0008
9 33 1.001
9 34 1.0013
9 35 1.0012
9 36 1.0008
9 37 1.0002
9 38 1.0012
9 39 1.0001
9 40 1.0007
9 41 1.0009
9 42 1.0008
9 43 1.0012
9 44 1.0011
9 45 1.0006
9 46 1.0005
9 47 1.0008
9 48 1.0005
9 49 1.0005
9 50 1.0005
9 51 1.0011
9 52 1.0007
9 53 1.0006
9 54 1.0002
9 55 1.0007
9 56 1.0005
9 57 1.0008
9 58 1.0003
9 59 1.0006
9 60 1.0004
9 61 1.0004
9 62 1.0004
9 63 1.0003
9 64 1.0003
9 65 1
9 66 1.0001
9 67 1.0002
9 68 1
9 69 1
9 70 1
9 71 1
9 72 1
9 73 1
9 74 1
9 75 1
9 76 1
9 77 1
9 78 1
9 79 1
9 80 1
9 81 1
10 1 1
10 2 1.0009
10 3 1.0095
10 4 1.0148
10 5 1.0243
10 6 1.0757
10 7 1.1053
10 8 1.1445
10 9 1.1907
10 10 1.244
10 11 1.2867
10 12 1.2493
10 13 1.2552
10 14 1.2657
10 15 1.1836
10 16 1.1949
10 17 1.1448
10 18 1.0992
10 19 1.0931
10 20 1.0954
10 21 1.0357
10 22 1.0362
10 23 1.0461
10 24 1.0114
10 25 1.0104
10 26 1.0138
10 27 1.0053
10 28 1.0075
10 29 1.0033
10 30 1.0016
10 31 1.0012
10 32 1.0015
10 33 1.0008
10 34 1.0014
10 35 1.0009
10 36 1.0014
10 37 1.0013
10 38 1.0005
10 39 1.0007
10 40 1.001
10 41 1.0014
10 42 1.001
10 43 1.0005
10 44 1.0006
10 45 1.0007
10 46 1.0008
10 47 1.0006
10 48 1.0008
10 49 1.0008
10 50 1.0011
10 51 1.0006
10 52 1.0007
10 53 1.0016
10 54 1.001
10 55 1.0009
10 56 1.0011
10 57 1.0004
10 58 1.0011
10 59 1.0015
10 60 1.0007
10 61 1.0007
10 62 1.0007
10 63 1.0006
10 64 1.0004
10 65 1.0008
10 66 1.0005
10 67 1.0008
10 68 1.0007
10 69 1.0004
10 70 1.0002
10 71 1.0004
10 72 1.0003
10 73 1.0003
10 74 1.0002
10 75 1.0002
10 76 1.0002
10 77 1.0001
10 78 1.0003
10 79 1.0003
10 80 1.0003
10 81 1
10 82 1.0001
10 83 1.0001
10 84 1
10 85 1.0001
10 86 1.0001
10 87 1.0001
10 88 1
10 89 1
10 90 1
10 91 1
10 92 1
10 93 1
10 94 1
10 95 1
10 96 1
10 97 1
10 98 1
10 99 1
10 100 1
11 1 1.0001
11 2 1.0015
11 3 1.0055
11 4 1.0149
11 5 1.0315
11 6 1.068
11 7 1.1354
11 8 1.1033
11 9 1.1701
11 10 1.2411
11 11 1.285
11 12 1.3213
11 13 1.3839
11 14 1.32
11 15 1.2924
11 16 1.3271
11 17 1.2814
11 18 1.2912
11 19 1.211
11 20 1.1924
11 21 1.1322
11 22 1.1401
11 23 1.0989
11 24 1.082
11 25 1.0432
11 26 1.032
11 27 1.0299
11 28 1.0253
11 29 1.0161
11 30 1.0152
11 31 1.0069
11 32 1.005
11 33 1.0025
11 34 1.0077
11 35 1.0022
11 36 1.0013
11 37 1.0019
11 38 1.0011
11 39 1.002
11 40 1.0011
11 41 1.0012
11 42 1.0016
11 43 1.0007
11 44 1.0012
11 45 1.0006
11 46 1.0009
11 47 1.0019
11 48 1.0012
11 49 1.0014
11 50 1.0008
11 51 1.0014
11 52 1.0012
11 53 1.0011
11 54 1.0008
11 55 1.001
11 56 1.0008
11 57 1.001
11 58 1.0007
11 59 1.0007
11 60 1.0004
11 61 1.0023
11 62 1.0009
11 63 1.0005
11 64 1.0009
11 65 1.0006
11 66 1.0006
11 67 1.0003
11 68 1.0009
11 69 1.0007
11 70 1.0006
11 71 1.0022
11 72 1.0008
11 73 1.0008
11 74 1.0005
11 75 1.001
11 76 1.0013
11 77 1.0011
11 78 1.0008
11 79 1.0014
11 80 1.0006
11 81 1.001
11 82 1.0006
11 83 1.0007
11 84 1.0004
11 85 1.0003
11 86 1.0006
11 87 1.001
11 88 1.0006
11 89 1.0004
11 90 1.0003
11 91 1.0003
11 92 1.0005
11 93 1.0007
11 94 1.0002
11 95 1.0003
11 96 1.0005
11 97 1.0001
11 98 1.0001
11 99 1
11 100 1
11 101 1.0001
11 102 1
11 103 1.0001
11 104 1.0001
11 105 1.0001
11 106 1
11 107 1
11 108 1
11 109 1
11 110 1
11 111 1
11 112 1
11 113 1
11 114 1
11 115 1
11 116 1
11 117 1
11 118 1
11 119 1
11 120 1
11 121 1
12 1 1.0001
12 2 1.0002
12 3 1.0032
12 4 1.0042
12 5 1.0304
12 6 1.0347
12 7 1.0686
12 8 1.0785
12 9 1.1528
12 10 1.1782
12 11 1.2213
12 12 1.2806
12 13 1.3115
12 14 1.3637
12 15 1.2991
12 16 1.3039
12 17 1.3566
12 18 1.3215
12 19 1.2745
12 20 1.2522
12 21 1.2534
12 22 1.1977
12 23 1.1805
12 24 1.1468
12 25 1.1127
12 26 1.077
12 27 1.0577
12 28 1.0404
12 29 1.0556
12 30 1.0337
12 31 1.0191
12 32 1.018
12 33 1.0104
12 34 1.0114
12 35 1.0078
12 36 1.0043
12 37 1.0045
12 38 1.0048
12 39 1.0027
12 40 1.0028
12 41 1.0029
12 42 1.0017
12 43 1.0016
12 44 1.0029
12 45 1.0024
12 46 1.0005
12 47 1.0008
12 48 1.0014
12 49 1.0008
12 50 1.0017
12 51 1.0011
12 52 1.0013
12 53 1.0013
12 54 1.0013
12 55 1.0009
12 56 1.001
12 57 1.0009
12 58 1.0007
12 59 1.0012
12 60 1.001
12 61 1.0008
12 62 1.0006
12 63 1.0011
12 64 1.0006
12 65 1.0018
12 66 1.0016
12 67 1.0005
12 68 1.0008
12 69 1.0011
12 70 1.0012
12 71 1.0004
12 72 1.0007
12 73 1.0014
12 74 1.0007
12 75 1.0006
12 76 1.0003
12 77 1.0006
12 78 1.0004
12 79 1.0013
12 80 1.0012
12 81 1.0011
12 82 1.0011
12 83 1.0015
12 84 1.0017
12 85 1.0025
12 86 1.0013
12 87 1.0008
12 88 1.0011
12 89 1.0005
12 90 1.001
12 91 1.0013
12 92 1.001
12 93 1.0013
12 94 1.0012
12 95 1.0008
12 96 1.0007
12 97 1.0011
12 98 1.0007
12 99 1.0007
12 100 1.0004
12 101 1.0007
12 102 1.0008
12 103 1.0006
12 104 1.0007
12 105 1.0009
12 106 1.0009
12 107 1.0004
12 108 1.0003
12 109 1.0005
12 110 1.0004
12 111 1.0002
12 112 1
12 113 1.0005
12 114 1.0001
12 115 1.0007
12 116 1.0001
12 117 1.0001
12 118 1.0001
12 119 1
12 120 1.0002
12 121 1.0002
12 122 1
12 123 1
12 124 1.0001
12 125 1
12 126 1
12 127 1
12 128 1
12 129 1
12 130 1
12 131 1
12 132 1
12 133 1
12 134 1
12 135 1
12 136 1
12 137 1
12 138 1
12 139 1
12 140 1
12 141 1
12 142 1
12 143 1
12 144 1
13 1 1.0001
13 2 1.0016
13 3 1.0035
13 4 1.0102
13 5 1.0212
13 6 1.054
13 7 1.077
13 8 1.1168
13 9 1.1597
13 10 1.2089
13 11 1.2047
13 12 1.2783
13 13 1.3422
13 14 1.4236
13 15 1.3847
13 16 1.4876
13 17 1.5128
13 18 1.5384
13 19 1.4857
13 20 1.4102
13 21 1.3751
13 22 1.393
13 23 1.3357
